Content for xxx_app.h :
----------------------------------------
#define USER_RAM_START 206
#define USER_RAM_END 223
#define USER_EEPROM_START 256
#define USER_EEPROM_END 510
#define RUN_ERROR_ADDRESS 269
#define ADDRESS_TAB_ADDRESS 278
#define ASSOCTABPTR_ADDRESS 273
#define COMMSTABPTR_ADDRESS 274
#define MANUFACTURER_DATA_ADDRESS 257
#define MANUFACTURER_DATA_SIZE 3
#define MANUFACTURER_ID_ADDRESS 260
#define ROUTECNT_ADDRESS 270
 
 
Content for restart_app(void) in xxx_app.c :
----------------------------------------------------------------------------
  write_byte(USER_EEPROM_START+7,1);  //program_version
  write_byte(USER_EEPROM_START+5,32);  //device_type MSB
  write_byte(USER_EEPROM_START+6,112);  //device_type LSB
  write_byte(COMMSTAB_PTR_ADDRESS,154);  //commstab_pointer
  write_byte(MANUFACTURER_ID_ADDRESS,4);   //manufacturer_id
  write_byte(RUN_ERROR_ADDRESS,255);  //run_error (0=stop, 255=run)
  write_byte(USER_EEPROM_START+12,0);
 
 
Parameters :
ADDRESS  BITS  DESCRIPTION
------------------------------------------
0x01DA  0-7  2021331 2020216  2 0 0 0 1 2 2 2 2 1 2 1 2 0 1 2 0 30 30 2 125 0 30 1 2 2 30 1 30 1 125 0 30 0 0 0 2 2 1 1 2 0 1 30 30 125 30 30 30 125 30 30 30 125 30 0 30 30 0 125 1 30 1 1 2 1 0 2 2 2 30 2 30 1 30 0 125 2 1 0 0 30 30 30 1 125 1 1 30 2 30 1 125 0 30 2 2 30 2 30 2 125 1 30 0 2 1 0 0 0 0 0 75 0 0 1 0 1 75 2 75 1 75 0 75 2 75 2 75 2 75 2 0 1 0 125 2 30 1 30 0 30 0 1 30 125 0 30 30 1 2 0 1 0 2 2 2 2 1 2 1 1 1 0 0 0 0 0 0 2 1 2 1 1 1 0 0 0 0 75 0 75 1 75 2 0 0 0 1 75 2 75 2 75 2 75 0 2 2 0 2 2 1 2 1 1 1 0 0 0 0 0 0 1 2 0 1 2 1 0 2 0 1 0 2 1 0 0 0 0 1 1 1 75 2 2 2 0 1 0 0 0 2 1 1 0 1 1 2 2 2 2 0 2 1 1 0 2 1 0 2 2 1 2 0 2 0 1 0 2 0 1 1 1 1 1 1 0 2 0 2 0 2 0 2 0 1 2 0 2 1 0 2 1 2 2 1 1 1 2 0 0 0 1 0 2 0 2 2 2 2 2 1 1 1 2 2 1 0 1 1 1 0 0 2 0 0 0 1 0 2 2 1 2 1 1 0 2 0 1 0 1 0 1 2 0 2 0 1 0 1 0 2 0 0 1 1 2 0 1 2 2 2 2 0 1 2 2 1 1 1 0 0 2 0 1 0 0 0 2 2 1 2 0 1 0 1 0 2 0 0 1 1 1 1 2 2 2 2 0 1 0 0 1 0 2 1 1 0 1 1 2 2 2 2 0 2 1 0 2 1 30 0 30 2 30 1 125 0 0 30 0 30 0 30 1 125 1 1 2 2 2 2 30 30 30 125 30 30 30 125 0 30 30 0 125 30 30 30 125 30 0 0 75 75 75 75 0 30 30 125 30 30 30 30 125 0 0 0 0 0 0 0 75 75 75 75 75 75 75 0 75 0 0 0 30 30 125 0 30 30 30 125 30 0 75 75 0 0 30 30 30 125 30 30 75 30 75 125 0 0 0 0 2 3 1 1 0 0 1 0 2 0 0 3 1 1 0 0 1 0 2 0 0 3 0 1 0 2 3 0 1 1 0 0 0 1 0 2 3 0 1 1 0 0 3 0 1 1 0 0 0 1 0 2 1 0 0 0 1 0 2 3 0 1 1 1 0 0 1 0 0 2 0 3 1 1 0 0 1 0 0 2 0 3 1 1 0 0 1 0 0 2 0 3 1 1 0 0 1 0 0 2 0 3 0 1 1 0 0 1 0 0 2 3 3 0 1 1 0 0 1 0 0 2 0 1 1 0 0 1 0 0 2 3 3 0 1 1 0 0 1 0 0 2 1 1 0 0 1 0 0 2 3 0 0 1 0 1 2 3 1 0 0 0 1 0 0 0 0 1 0 1 2 3 1 0 0 0 0 1 0 1 2 3 0 0 0 1 1 0 3 2 1 0 0 0 0 1 1 0 3 2 1 0 1 0 3 2 1 0 0 0 0 1 1 0 3 2 1 0 0 0 0 1 1 1 0 0 1 0 0 2 3 0 1 1 0 0 1 0 0 2 3 0 3 0 1 1 0 0 1 0 0 2 3 0 1 1 0 0 1 0 0 2 2 1 1 0 3 0 0 0 1 0 2 1 1 0 3 0 0 0 1 0 2 1 1 0 0 0 1 3 0 0 2 1 1 0 0 0 1 3 0 0 1 3 1 0 0 0 1 0 0 2 0 1 1 0 0 1 0 0 2 3 1 0 1 0 0 2 1 3 0 0 1 0 1 0 1 0 0 2 3 0 3 0 1 1 0 0 0 1 0 2 0 3 1 0 1 1 0 0 0 1 1 0 0 0 0 2 2 3 0 1 1 2 0 1 0 0 3 0 0 0 0 1 0 0 1 2 1 3 0 1 0 3 1 1 1 3 0 0 0 0 1 1 0 0 0 1 2 0 0 2 0 1 1 1 2 0 0 3 0 0 3 0 0 0 0 1 0 2 1 1 3 0 0 0 0 1 0 2 1 1 0 2 1 0 0 1 0 1 0 3 0 2 1 1 3 0 0 0 0 1 0 1 1 0 0 1 0 0 2 3 0 1 1 0 0 1                                                                                                                                                                                                                                                                                                                                                                                                                                                                                                                                                                                                                                                                                                                                                                                                                                                                                                                                                                                                                                                 Zeitfaktor (125...255)
0x01DB  0-7  2021267 2020216  2 0 0 0 1 2 2 2 2 1 2 1 2 0 1 2 0 30 30 2 125 0 30 1 2 2 30 1 30 1 125 0 30 0 0 0 2 2 1 1 2 0 1 30 30 125 30 30 30 125 30 30 30 125 30 0 30 30 0 125 1 30 1 1 2 1 0 2 2 2 30 2 30 1 30 0 125 2 1 0 0 30 30 30 1 125 1 1 30 2 30 1 125 0 30 2 2 30 2 30 2 125 1 30 0 2 1 0 0 0 0 0 75 0 0 1 0 1 75 2 75 1 75 0 75 2 75 2 75 2 75 2 0 1 0 125 2 30 1 30 0 30 0 1 30 125 0 30 30 1 2 0 1 0 2 2 2 2 1 2 1 1 1 0 0 0 0 0 0 2 1 2 1 1 1 0 0 0 0 75 0 75 1 75 2 0 0 0 1 75 2 75 2 75 2 75 0 2 2 0 2 2 1 2 1 1 1 0 0 0 0 0 0 1 2 0 1 2 1 0 2 0 1 0 2 1 0 0 0 0 1 1 1 75 2 2 2 0 1 0 0 0 2 1 1 0 1 1 2 2 2 2 0 2 1 1 0 2 1 0 2 2 1 2 0 2 0 1 0 2 0 1 1 1 1 1 1 0 2 0 2 0 2 0 2 0 1 2 0 2 1 0 2 1 2 2 1 1 1 2 0 0 0 1 0 2 0 2 2 2 2 2 1 1 1 2 2 1 0 1 1 1 0 0 2 0 0 0 1 0 2 2 1 2 1 1 0 2 0 1 0 1 0 1 2 0 2 0 1 0 1 0 2 0 0 1 1 2 0 1 2 2 2 2 0 1 2 2 1 1 1 0 0 2 0 1 0 0 0 2 2 1 2 0 1 0 1 0 2 0 0 1 1 1 1 2 2 2 2 0 1 0 0 1 0 2 1 1 0 1 1 2 2 2 2 0 2 1 0 2 1 30 0 30 2 30 1 125 0 0 30 0 30 0 30 1 125 1 1 2 2 2 2 30 30 30 125 30 30 30 125 0 30 30 0 125 30 30 30 125 30 0 0 75 75 75 75 0 30 30 125 30 30 30 30 125 0 0 0 0 0 0 0 75 75 75 75 75 75 75 0 75 0 0 0 30 30 125 0 30 30 30 125 30 0 75 75 0 0 30 30 30 125 30 30 75 30 75 125 0 0 0 0 2 3 1 1 0 0 1 0 2 0 0 3 1 1 0 0 1 0 2 0 0 3 0 1 0 2 3 0 1 1 0 0 0 1 0 2 3 0 1 1 0 0 3 0 1 1 0 0 0 1 0 2 1 0 0 0 1 0 2 3 0 1 1 1 0 0 1 0 0 2 0 3 1 1 0 0 1 0 0 2 0 3 1 1 0 0 1 0 0 2 0 3 1 1 0 0 1 0 0 2 0 3 0 1 1 0 0 1 0 0 2 3 3 0 1 1 0 0 1 0 0 2 0 1 1 0 0 1 0 0 2 3 3 0 1 1 0 0 1 0 0 2 1 1 0 0 1 0 0 2 3 0 0 1 0 1 2 3 1 0 0 0 1 0 0 0 0 1 0 1 2 3 1 0 0 0 0 1 0 1 2 3 0 0 0 1 1 0 3 2 1 0 0 0 0 1 1 0 3 2 1 0 1 0 3 2 1 0 0 0 0 1 1 0 3 2 1 0 0 0 0 1 1 1 0 0 1 0 0 2 3 0 1 1 0 0 1 0 0 2 3 0 3 0 1 1 0 0 1 0 0 2 3 0 1 1 0 0 1 0 0 2 2 1 1 0 3 0 0 0 1 0 2 1 1 0 3 0 0 0 1 0 2 1 1 0 0 0 1 3 0 0 2 1 1 0 0 0 1 3 0 0 1 3 1 0 0 0 1 0 0 2 0 1 1 0 0 1 0 0 2 3 1 0 1 0 0 2 1 3 0 0 1 0 1 0 1 0 0 2 3 0 3 0 1 1 0 0 0 1 0 2 0 3 1 0 1 1 0 0 0 1 1 0 0 0 0 2 2 3 0 1 1 2 0 1 0 0 3 0 0 0 0 1 0 0 1 2 1 3 0 1 0 3 1 1 1 3 0 0 0 0 1 1 0 0 0 1 2 0 0 2 0 1 1 1 2 0 0 3 0 0 3 0 0 0 0 1 0 2 1 1 3 0 0 0 0 1 0 2 1 1 0 2 1 0 0 1 0 1 0 3 0 2 1 1 3 0 0 0 0 1 0 1 1 0 0 1 0 0 2 3 0 1 1 0 0 1                                                                                                                                                                                                                                                                                                                                                                                                                                                                                                                                                                                                                                                                                                                                                                                                                                                                                                                                                                                                                                                 Zeitfaktor (3...255)
0x01DC  0-7  2023093 2020216  2 0 0 0 1 2 2 2 2 1 2 1 2 0 1 2 0 30 30 2 125 0 30 1 2 2 30 1 30 1 125 0 30 0 0 0 2 2 1 1 2 0 1 30 30 125 30 30 30 125 30 30 30 125 30 0 30 30 0 125 1 30 1 1 2 1 0 2 2 2 30 2 30 1 30 0 125 2 1 0 0 30 30 30 1 125 1 1 30 2 30 1 125 0 30 2 2 30 2 30 2 125 1 30 0 2 1 0 0 0 0 0 75 0 0 1 0 1 75 2 75 1 75 0 75 2 75 2 75 2 75 2 0 1 0 125 2 30 1 30 0 30 0 1 30 125 0 30 30 1 2 0 1 0 2 2 2 2 1 2 1 1 1 0 0 0 0 0 0 2 1 2 1 1 1 0 0 0 0 75 0 75 1 75 2 0 0 0 1 75 2 75 2 75 2 75 0 2 2 0 2 2 1 2 1 1 1 0 0 0 0 0 0 1 2 0 1 2 1 0 2 0 1 0 2 1 0 0 0 0 1 1 1 75 2 2 2 0 1 0 0 0 2 1 1 0 1 1 2 2 2 2 0 2 1 1 0 2 1 0 2 2 1 2 0 2 0 1 0 2 0 1 1 1 1 1 1 0 2 0 2 0 2 0 2 0 1 2 0 2 1 0 2 1 2 2 1 1 1 2 0 0 0 1 0 2 0 2 2 2 2 2 1 1 1 2 2 1 0 1 1 1 0 0 2 0 0 0 1 0 2 2 1 2 1 1 0 2 0 1 0 1 0 1 2 0 2 0 1 0 1 0 2 0 0 1 1 2 0 1 2 2 2 2 0 1 2 2 1 1 1 0 0 2 0 1 0 0 0 2 2 1 2 0 1 0 1 0 2 0 0 1 1 1 1 2 2 2 2 0 1 0 0 1 0 2 1 1 0 1 1 2 2 2 2 0 2 1 0 2 1 30 0 30 2 30 1 125 0 0 30 0 30 0 30 1 125 1 1 2 2 2 2 30 30 30 125 30 30 30 125 0 30 30 0 125 30 30 30 125 30 0 0 75 75 75 75 0 30 30 125 30 30 30 30 125 0 0 0 0 0 0 0 75 75 75 75 75 75 75 0 75 0 0 0 30 30 125 0 30 30 30 125 30 0 75 75 0 0 30 30 30 125 30 30 75 30 75 125 0 0 0 0 2 3 1 1 0 0 1 0 2 0 0 3 1 1 0 0 1 0 2 0 0 3 0 1 0 2 3 0 1 1 0 0 0 1 0 2 3 0 1 1 0 0 3 0 1 1 0 0 0 1 0 2 1 0 0 0 1 0 2 3 0 1 1 1 0 0 1 0 0 2 0 3 1 1 0 0 1 0 0 2 0 3 1 1 0 0 1 0 0 2 0 3 1 1 0 0 1 0 0 2 0 3 0 1 1 0 0 1 0 0 2 3 3 0 1 1 0 0 1 0 0 2 0 1 1 0 0 1 0 0 2 3 3 0 1 1 0 0 1 0 0 2 1 1 0 0 1 0 0 2 3 0 0 1 0 1 2 3 1 0 0 0 1 0 0 0 0 1 0 1 2 3 1 0 0 0 0 1 0 1 2 3 0 0 0 1 1 0 3 2 1 0 0 0 0 1 1 0 3 2 1 0 1 0 3 2 1 0 0 0 0 1 1 0 3 2 1 0 0 0 0 1 1 1 0 0 1 0 0 2 3 0 1 1 0 0 1 0 0 2 3 0 3 0 1 1 0 0 1 0 0 2 3 0 1 1 0 0 1 0 0 2 2 1 1 0 3 0 0 0 1 0 2 1 1 0 3 0 0 0 1 0 2 1 1 0 0 0 1 3 0 0 2 1 1 0 0 0 1 3 0 0 1 3 1 0 0 0 1 0 0 2 0 1 1 0 0 1 0 0 2 3 1 0 1 0 0 2 1 3 0 0 1 0 1 0 1 0 0 2 3 0 3 0 1 1 0 0 0 1 0 2 0 3 1 0 1 1 0 0 0 1 1 0 0 0 0 2 2 3 0 1 1 2 0 1 0 0 3 0 0 0 0 1 0 0 1 2 1 3 0 1 0 3 1 1 1 3 0 0 0 0 1 1 0 0 0 1 2 0 0 2 0 1 1 1 2 0 0 3 0 0 3 0 0 0 0 1 0 2 1 1 3 0 0 0 0 1 0 2 1 1 0 2 1 0 0 1 0 1 0 3 0 2 1 1 3 0 0 0 0 1 0 1 1 0 0 1 0 0 2 3 0 1 1 0 0 1                                                                                                                                                                                                                                                                                                                                                                                                                                                                                                                                                                                                                                                                                                                                                                                                                                                                                                                                                                                                                                                 Zeitfaktor (3...100)
0x01DD  0-7  2023157 2020216  2 0 0 0 1 2 2 2 2 1 2 1 2 0 1 2 0 30 30 2 125 0 30 1 2 2 30 1 30 1 125 0 30 0 0 0 2 2 1 1 2 0 1 30 30 125 30 30 30 125 30 30 30 125 30 0 30 30 0 125 1 30 1 1 2 1 0 2 2 2 30 2 30 1 30 0 125 2 1 0 0 30 30 30 1 125 1 1 30 2 30 1 125 0 30 2 2 30 2 30 2 125 1 30 0 2 1 0 0 0 0 0 75 0 0 1 0 1 75 2 75 1 75 0 75 2 75 2 75 2 75 2 0 1 0 125 2 30 1 30 0 30 0 1 30 125 0 30 30 1 2 0 1 0 2 2 2 2 1 2 1 1 1 0 0 0 0 0 0 2 1 2 1 1 1 0 0 0 0 75 0 75 1 75 2 0 0 0 1 75 2 75 2 75 2 75 0 2 2 0 2 2 1 2 1 1 1 0 0 0 0 0 0 1 2 0 1 2 1 0 2 0 1 0 2 1 0 0 0 0 1 1 1 75 2 2 2 0 1 0 0 0 2 1 1 0 1 1 2 2 2 2 0 2 1 1 0 2 1 0 2 2 1 2 0 2 0 1 0 2 0 1 1 1 1 1 1 0 2 0 2 0 2 0 2 0 1 2 0 2 1 0 2 1 2 2 1 1 1 2 0 0 0 1 0 2 0 2 2 2 2 2 1 1 1 2 2 1 0 1 1 1 0 0 2 0 0 0 1 0 2 2 1 2 1 1 0 2 0 1 0 1 0 1 2 0 2 0 1 0 1 0 2 0 0 1 1 2 0 1 2 2 2 2 0 1 2 2 1 1 1 0 0 2 0 1 0 0 0 2 2 1 2 0 1 0 1 0 2 0 0 1 1 1 1 2 2 2 2 0 1 0 0 1 0 2 1 1 0 1 1 2 2 2 2 0 2 1 0 2 1 30 0 30 2 30 1 125 0 0 30 0 30 0 30 1 125 1 1 2 2 2 2 30 30 30 125 30 30 30 125 0 30 30 0 125 30 30 30 125 30 0 0 75 75 75 75 0 30 30 125 30 30 30 30 125 0 0 0 0 0 0 0 75 75 75 75 75 75 75 0 75 0 0 0 30 30 125 0 30 30 30 125 30 0 75 75 0 0 30 30 30 125 30 30 75 30 75 125 0 0 0 0 2 3 1 1 0 0 1 0 2 0 0 3 1 1 0 0 1 0 2 0 0 3 0 1 0 2 3 0 1 1 0 0 0 1 0 2 3 0 1 1 0 0 3 0 1 1 0 0 0 1 0 2 1 0 0 0 1 0 2 3 0 1 1 1 0 0 1 0 0 2 0 3 1 1 0 0 1 0 0 2 0 3 1 1 0 0 1 0 0 2 0 3 1 1 0 0 1 0 0 2 0 3 0 1 1 0 0 1 0 0 2 3 3 0 1 1 0 0 1 0 0 2 0 1 1 0 0 1 0 0 2 3 3 0 1 1 0 0 1 0 0 2 1 1 0 0 1 0 0 2 3 0 0 1 0 1 2 3 1 0 0 0 1 0 0 0 0 1 0 1 2 3 1 0 0 0 0 1 0 1 2 3 0 0 0 1 1 0 3 2 1 0 0 0 0 1 1 0 3 2 1 0 1 0 3 2 1 0 0 0 0 1 1 0 3 2 1 0 0 0 0 1 1 1 0 0 1 0 0 2 3 0 1 1 0 0 1 0 0 2 3 0 3 0 1 1 0 0 1 0 0 2 3 0 1 1 0 0 1 0 0 2 2 1 1 0 3 0 0 0 1 0 2 1 1 0 3 0 0 0 1 0 2 1 1 0 0 0 1 3 0 0 2 1 1 0 0 0 1 3 0 0 1 3 1 0 0 0 1 0 0 2 0 1 1 0 0 1 0 0 2 3 1 0 1 0 0 2 1 3 0 0 1 0 1 0 1 0 0 2 3 0 3 0 1 1 0 0 0 1 0 2 0 3 1 0 1 1 0 0 0 1 1 0 0 0 0 2 2 3 0 1 1 2 0 1 0 0 3 0 0 0 0 1 0 0 1 2 1 3 0 1 0 3 1 1 1 3 0 0 0 0 1 1 0 0 0 1 2 0 0 2 0 1 1 1 2 0 0 3 0 0 3 0 0 0 0 1 0 2 1 1 3 0 0 0 0 1 0 2 1 1 0 2 1 0 0 1 0 1 0 3 0 2 1 1 3 0 0 0 0 1 0 1 1 0 0 1 0 0 2 3 0 1 1 0 0 1                                                                                                                                                                                                                                                                                                                                                                                                                                                                                                                                                                                                                                                                                                                                                                                                                                                                                                                                                                                                                                                 Zeitfaktor (125...255)
0x01EF  0-1  2020941 2020216  2 0 0 0 1 2 2 2 2 1 2 1 2 0 1 2 0 30 30 2 125 0 30 1 2 2 30 1 30 1 125 0 30 0 0 0 2 2 1 1 2 0 1 30 30 125 30 30 30 125 30 30 30 125 30 0 30 30 0 125 1 30 1 1 2 1 0 2 2 2 30 2 30 1 30 0 125 2 1 0 0 30 30 30 1 125 1 1 30 2 30 1 125 0 30 2 2 30 2 30 2 125 1 30 0 2 1 0 0 0 0 0 75 0 0 1 0 1 75 2 75 1 75 0 75 2 75 2 75 2 75 2 0 1 0 125 2 30 1 30 0 30 0 1 30 125 0 30 30 1 2 0 1 0 2 2 2 2 1 2 1 1 1 0 0 0 0 0 0 2 1 2 1 1 1 0 0 0 0 75 0 75 1 75 2 0 0 0 1 75 2 75 2 75 2 75 0 2 2 0 2 2 1 2 1 1 1 0 0 0 0 0 0 1 2 0 1 2 1 0 2 0 1 0 2 1 0 0 0 0 1 1 1 75 2 2 2 0 1 0 0 0 2 1 1 0 1 1 2 2 2 2 0 2 1 1 0 2 1 0 2 2 1 2 0 2 0 1 0 2 0 1 1 1 1 1 1 0 2 0 2 0 2 0 2 0 1 2 0 2 1 0 2 1 2 2 1 1 1 2 0 0 0 1 0 2 0 2 2 2 2 2 1 1 1 2 2 1 0 1 1 1 0 0 2 0 0 0 1 0 2 2 1 2 1 1 0 2 0 1 0 1 0 1 2 0 2 0 1 0 1 0 2 0 0 1 1 2 0 1 2 2 2 2 0 1 2 2 1 1 1 0 0 2 0 1 0 0 0 2 2 1 2 0 1 0 1 0 2 0 0 1 1 1 1 2 2 2 2 0 1 0 0 1 0 2 1 1 0 1 1 2 2 2 2 0 2 1 0 2 1 30 0 30 2 30 1 125 0 0 30 0 30 0 30 1 125 1 1 2 2 2 2 30 30 30 125 30 30 30 125 0 30 30 0 125 30 30 30 125 30 0 0 75 75 75 75 0 30 30 125 30 30 30 30 125 0 0 0 0 0 0 0 75 75 75 75 75 75 75 0 75 0 0 0 30 30 125 0 30 30 30 125 30 0 75 75 0 0 30 30 30 125 30 30 75 30 75 125 0 0 0 0 2 3 1 1 0 0 1 0 2 0 0 3 1 1 0 0 1 0 2 0 0 3 0 1 0 2 3 0 1 1 0 0 0 1 0 2 3 0 1 1 0 0 3 0 1 1 0 0 0 1 0 2 1 0 0 0 1 0 2 3 0 1 1 1 0 0 1 0 0 2 0 3 1 1 0 0 1 0 0 2 0 3 1 1 0 0 1 0 0 2 0 3 1 1 0 0 1 0 0 2 0 3 0 1 1 0 0 1 0 0 2 3 3 0 1 1 0 0 1 0 0 2 0 1 1 0 0 1 0 0 2 3 3 0 1 1 0 0 1 0 0 2 1 1 0 0 1 0 0 2 3 0 0 1 0 1 2 3 1 0 0 0 1 0 0 0 0 1 0 1 2 3 1 0 0 0 0 1 0 1 2 3 0 0 0 1 1 0 3 2 1 0 0 0 0 1 1 0 3 2 1 0 1 0 3 2 1 0 0 0 0 1 1 0 3 2 1 0 0 0 0 1 1 1 0 0 1 0 0 2 3 0 1 1 0 0 1 0 0 2 3 0 3 0 1 1 0 0 1 0 0 2 3 0 1 1 0 0 1 0 0 2 2 1 1 0 3 0 0 0 1 0 2 1 1 0 3 0 0 0 1 0 2 1 1 0 0 0 1 3 0 0 2 1 1 0 0 0 1 3 0 0 1 3 1 0 0 0 1 0 0 2 0 1 1 0 0 1 0 0 2 3 1 0 1 0 0 2 1 3 0 0 1 0 1 0 1 0 0 2 3 0 3 0 1 1 0 0 0 1 0 2 0 3 1 0 1 1 0 0 0 1 1 0 0 0 0 2 2 3 0 1 1 2 0 1 0 0 3 0 0 0 0 1 0 0 1 2 1 3 0 1 0 3 1 1 1 3 0 0 0 0 1 1 0 0 0 1 2 0 0 2 0 1 1 1 2 0 0 3 0 0 3 0 0 0 0 1 0 2 1 1 3 0 0 0 0 1 0 2 1 1 0 2 1 0 0 1 0 1 0 3 0 2 1 1 3 0 0 0 0 1 0 1 1 0 0 1 0 0 2 3 0 1 1 0 0 1                                                                                                                                                                                                                                                                                                                                                                                                                                                                                                                                                                                                                                                                                                                                                                                                                                                                                                                                                                                                                                            Ende A1
     0 = keine Reaktion
     1 = auffahren
     2 = abfahren
0x01EF  2-3  2020795 2020216  2 0 0 0 1 2 2 2 2 1 2 1 2 0 1 2 0 30 30 2 125 0 30 1 2 2 30 1 30 1 125 0 30 0 0 0 2 2 1 1 2 0 1 30 30 125 30 30 30 125 30 30 30 125 30 0 30 30 0 125 1 30 1 1 2 1 0 2 2 2 30 2 30 1 30 0 125 2 1 0 0 30 30 30 1 125 1 1 30 2 30 1 125 0 30 2 2 30 2 30 2 125 1 30 0 2 1 0 0 0 0 0 75 0 0 1 0 1 75 2 75 1 75 0 75 2 75 2 75 2 75 2 0 1 0 125 2 30 1 30 0 30 0 1 30 125 0 30 30 1 2 0 1 0 2 2 2 2 1 2 1 1 1 0 0 0 0 0 0 2 1 2 1 1 1 0 0 0 0 75 0 75 1 75 2 0 0 0 1 75 2 75 2 75 2 75 0 2 2 0 2 2 1 2 1 1 1 0 0 0 0 0 0 1 2 0 1 2 1 0 2 0 1 0 2 1 0 0 0 0 1 1 1 75 2 2 2 0 1 0 0 0 2 1 1 0 1 1 2 2 2 2 0 2 1 1 0 2 1 0 2 2 1 2 0 2 0 1 0 2 0 1 1 1 1 1 1 0 2 0 2 0 2 0 2 0 1 2 0 2 1 0 2 1 2 2 1 1 1 2 0 0 0 1 0 2 0 2 2 2 2 2 1 1 1 2 2 1 0 1 1 1 0 0 2 0 0 0 1 0 2 2 1 2 1 1 0 2 0 1 0 1 0 1 2 0 2 0 1 0 1 0 2 0 0 1 1 2 0 1 2 2 2 2 0 1 2 2 1 1 1 0 0 2 0 1 0 0 0 2 2 1 2 0 1 0 1 0 2 0 0 1 1 1 1 2 2 2 2 0 1 0 0 1 0 2 1 1 0 1 1 2 2 2 2 0 2 1 0 2 1 30 0 30 2 30 1 125 0 0 30 0 30 0 30 1 125 1 1 2 2 2 2 30 30 30 125 30 30 30 125 0 30 30 0 125 30 30 30 125 30 0 0 75 75 75 75 0 30 30 125 30 30 30 30 125 0 0 0 0 0 0 0 75 75 75 75 75 75 75 0 75 0 0 0 30 30 125 0 30 30 30 125 30 0 75 75 0 0 30 30 30 125 30 30 75 30 75 125 0 0 0 0 2 3 1 1 0 0 1 0 2 0 0 3 1 1 0 0 1 0 2 0 0 3 0 1 0 2 3 0 1 1 0 0 0 1 0 2 3 0 1 1 0 0 3 0 1 1 0 0 0 1 0 2 1 0 0 0 1 0 2 3 0 1 1 1 0 0 1 0 0 2 0 3 1 1 0 0 1 0 0 2 0 3 1 1 0 0 1 0 0 2 0 3 1 1 0 0 1 0 0 2 0 3 0 1 1 0 0 1 0 0 2 3 3 0 1 1 0 0 1 0 0 2 0 1 1 0 0 1 0 0 2 3 3 0 1 1 0 0 1 0 0 2 1 1 0 0 1 0 0 2 3 0 0 1 0 1 2 3 1 0 0 0 1 0 0 0 0 1 0 1 2 3 1 0 0 0 0 1 0 1 2 3 0 0 0 1 1 0 3 2 1 0 0 0 0 1 1 0 3 2 1 0 1 0 3 2 1 0 0 0 0 1 1 0 3 2 1 0 0 0 0 1 1 1 0 0 1 0 0 2 3 0 1 1 0 0 1 0 0 2 3 0 3 0 1 1 0 0 1 0 0 2 3 0 1 1 0 0 1 0 0 2 2 1 1 0 3 0 0 0 1 0 2 1 1 0 3 0 0 0 1 0 2 1 1 0 0 0 1 3 0 0 2 1 1 0 0 0 1 3 0 0 1 3 1 0 0 0 1 0 0 2 0 1 1 0 0 1 0 0 2 3 1 0 1 0 0 2 1 3 0 0 1 0 1 0 1 0 0 2 3 0 3 0 1 1 0 0 0 1 0 2 0 3 1 0 1 1 0 0 0 1 1 0 0 0 0 2 2 3 0 1 1 2 0 1 0 0 3 0 0 0 0 1 0 0 1 2 1 3 0 1 0 3 1 1 1 3 0 0 0 0 1 1 0 0 0 1 2 0 0 2 0 1 1 1 2 0 0 3 0 0 3 0 0 0 0 1 0 2 1 1 3 0 0 0 0 1 0 2 1 1 0 2 1 0 0 1 0 1 0 3 0 2 1 1 3 0 0 0 0 1 0 1 1 0 0 1 0 0 2 3 0 1 1 0 0 1                                                                                                                                                                                                                                                                                                                                                                                                                                                                                                                                                                                                                                                                                                                                                                                                                                                                                                                                                                                                                                            Ende A2
     0 = keine Reaktion
     1 = auffahren
     2 = abfahren
0x01EF  4-5  2022475 2020216  2 0 0 0 1 2 2 2 2 1 2 1 2 0 1 2 0 30 30 2 125 0 30 1 2 2 30 1 30 1 125 0 30 0 0 0 2 2 1 1 2 0 1 30 30 125 30 30 30 125 30 30 30 125 30 0 30 30 0 125 1 30 1 1 2 1 0 2 2 2 30 2 30 1 30 0 125 2 1 0 0 30 30 30 1 125 1 1 30 2 30 1 125 0 30 2 2 30 2 30 2 125 1 30 0 2 1 0 0 0 0 0 75 0 0 1 0 1 75 2 75 1 75 0 75 2 75 2 75 2 75 2 0 1 0 125 2 30 1 30 0 30 0 1 30 125 0 30 30 1 2 0 1 0 2 2 2 2 1 2 1 1 1 0 0 0 0 0 0 2 1 2 1 1 1 0 0 0 0 75 0 75 1 75 2 0 0 0 1 75 2 75 2 75 2 75 0 2 2 0 2 2 1 2 1 1 1 0 0 0 0 0 0 1 2 0 1 2 1 0 2 0 1 0 2 1 0 0 0 0 1 1 1 75 2 2 2 0 1 0 0 0 2 1 1 0 1 1 2 2 2 2 0 2 1 1 0 2 1 0 2 2 1 2 0 2 0 1 0 2 0 1 1 1 1 1 1 0 2 0 2 0 2 0 2 0 1 2 0 2 1 0 2 1 2 2 1 1 1 2 0 0 0 1 0 2 0 2 2 2 2 2 1 1 1 2 2 1 0 1 1 1 0 0 2 0 0 0 1 0 2 2 1 2 1 1 0 2 0 1 0 1 0 1 2 0 2 0 1 0 1 0 2 0 0 1 1 2 0 1 2 2 2 2 0 1 2 2 1 1 1 0 0 2 0 1 0 0 0 2 2 1 2 0 1 0 1 0 2 0 0 1 1 1 1 2 2 2 2 0 1 0 0 1 0 2 1 1 0 1 1 2 2 2 2 0 2 1 0 2 1 30 0 30 2 30 1 125 0 0 30 0 30 0 30 1 125 1 1 2 2 2 2 30 30 30 125 30 30 30 125 0 30 30 0 125 30 30 30 125 30 0 0 75 75 75 75 0 30 30 125 30 30 30 30 125 0 0 0 0 0 0 0 75 75 75 75 75 75 75 0 75 0 0 0 30 30 125 0 30 30 30 125 30 0 75 75 0 0 30 30 30 125 30 30 75 30 75 125 0 0 0 0 2 3 1 1 0 0 1 0 2 0 0 3 1 1 0 0 1 0 2 0 0 3 0 1 0 2 3 0 1 1 0 0 0 1 0 2 3 0 1 1 0 0 3 0 1 1 0 0 0 1 0 2 1 0 0 0 1 0 2 3 0 1 1 1 0 0 1 0 0 2 0 3 1 1 0 0 1 0 0 2 0 3 1 1 0 0 1 0 0 2 0 3 1 1 0 0 1 0 0 2 0 3 0 1 1 0 0 1 0 0 2 3 3 0 1 1 0 0 1 0 0 2 0 1 1 0 0 1 0 0 2 3 3 0 1 1 0 0 1 0 0 2 1 1 0 0 1 0 0 2 3 0 0 1 0 1 2 3 1 0 0 0 1 0 0 0 0 1 0 1 2 3 1 0 0 0 0 1 0 1 2 3 0 0 0 1 1 0 3 2 1 0 0 0 0 1 1 0 3 2 1 0 1 0 3 2 1 0 0 0 0 1 1 0 3 2 1 0 0 0 0 1 1 1 0 0 1 0 0 2 3 0 1 1 0 0 1 0 0 2 3 0 3 0 1 1 0 0 1 0 0 2 3 0 1 1 0 0 1 0 0 2 2 1 1 0 3 0 0 0 1 0 2 1 1 0 3 0 0 0 1 0 2 1 1 0 0 0 1 3 0 0 2 1 1 0 0 0 1 3 0 0 1 3 1 0 0 0 1 0 0 2 0 1 1 0 0 1 0 0 2 3 1 0 1 0 0 2 1 3 0 0 1 0 1 0 1 0 0 2 3 0 3 0 1 1 0 0 0 1 0 2 0 3 1 0 1 1 0 0 0 1 1 0 0 0 0 2 2 3 0 1 1 2 0 1 0 0 3 0 0 0 0 1 0 0 1 2 1 3 0 1 0 3 1 1 1 3 0 0 0 0 1 1 0 0 0 1 2 0 0 2 0 1 1 1 2 0 0 3 0 0 3 0 0 0 0 1 0 2 1 1 3 0 0 0 0 1 0 2 1 1 0 2 1 0 0 1 0 1 0 3 0 2 1 1 3 0 0 0 0 1 0 1 1 0 0 1 0 0 2 3 0 1 1 0 0 1                                                                                                                                                                                                                                                                                                                                                                                                                                                                                                                                                                                                                                                                                                                                                                                                                                                                                                                                                                                                                                            Ende A3
     0 = keine Reaktion
     1 = auffahren
     2 = abfahren
0x01EF  6-7  2022887 2020216  2 0 0 0 1 2 2 2 2 1 2 1 2 0 1 2 0 30 30 2 125 0 30 1 2 2 30 1 30 1 125 0 30 0 0 0 2 2 1 1 2 0 1 30 30 125 30 30 30 125 30 30 30 125 30 0 30 30 0 125 1 30 1 1 2 1 0 2 2 2 30 2 30 1 30 0 125 2 1 0 0 30 30 30 1 125 1 1 30 2 30 1 125 0 30 2 2 30 2 30 2 125 1 30 0 2 1 0 0 0 0 0 75 0 0 1 0 1 75 2 75 1 75 0 75 2 75 2 75 2 75 2 0 1 0 125 2 30 1 30 0 30 0 1 30 125 0 30 30 1 2 0 1 0 2 2 2 2 1 2 1 1 1 0 0 0 0 0 0 2 1 2 1 1 1 0 0 0 0 75 0 75 1 75 2 0 0 0 1 75 2 75 2 75 2 75 0 2 2 0 2 2 1 2 1 1 1 0 0 0 0 0 0 1 2 0 1 2 1 0 2 0 1 0 2 1 0 0 0 0 1 1 1 75 2 2 2 0 1 0 0 0 2 1 1 0 1 1 2 2 2 2 0 2 1 1 0 2 1 0 2 2 1 2 0 2 0 1 0 2 0 1 1 1 1 1 1 0 2 0 2 0 2 0 2 0 1 2 0 2 1 0 2 1 2 2 1 1 1 2 0 0 0 1 0 2 0 2 2 2 2 2 1 1 1 2 2 1 0 1 1 1 0 0 2 0 0 0 1 0 2 2 1 2 1 1 0 2 0 1 0 1 0 1 2 0 2 0 1 0 1 0 2 0 0 1 1 2 0 1 2 2 2 2 0 1 2 2 1 1 1 0 0 2 0 1 0 0 0 2 2 1 2 0 1 0 1 0 2 0 0 1 1 1 1 2 2 2 2 0 1 0 0 1 0 2 1 1 0 1 1 2 2 2 2 0 2 1 0 2 1 30 0 30 2 30 1 125 0 0 30 0 30 0 30 1 125 1 1 2 2 2 2 30 30 30 125 30 30 30 125 0 30 30 0 125 30 30 30 125 30 0 0 75 75 75 75 0 30 30 125 30 30 30 30 125 0 0 0 0 0 0 0 75 75 75 75 75 75 75 0 75 0 0 0 30 30 125 0 30 30 30 125 30 0 75 75 0 0 30 30 30 125 30 30 75 30 75 125 0 0 0 0 2 3 1 1 0 0 1 0 2 0 0 3 1 1 0 0 1 0 2 0 0 3 0 1 0 2 3 0 1 1 0 0 0 1 0 2 3 0 1 1 0 0 3 0 1 1 0 0 0 1 0 2 1 0 0 0 1 0 2 3 0 1 1 1 0 0 1 0 0 2 0 3 1 1 0 0 1 0 0 2 0 3 1 1 0 0 1 0 0 2 0 3 1 1 0 0 1 0 0 2 0 3 0 1 1 0 0 1 0 0 2 3 3 0 1 1 0 0 1 0 0 2 0 1 1 0 0 1 0 0 2 3 3 0 1 1 0 0 1 0 0 2 1 1 0 0 1 0 0 2 3 0 0 1 0 1 2 3 1 0 0 0 1 0 0 0 0 1 0 1 2 3 1 0 0 0 0 1 0 1 2 3 0 0 0 1 1 0 3 2 1 0 0 0 0 1 1 0 3 2 1 0 1 0 3 2 1 0 0 0 0 1 1 0 3 2 1 0 0 0 0 1 1 1 0 0 1 0 0 2 3 0 1 1 0 0 1 0 0 2 3 0 3 0 1 1 0 0 1 0 0 2 3 0 1 1 0 0 1 0 0 2 2 1 1 0 3 0 0 0 1 0 2 1 1 0 3 0 0 0 1 0 2 1 1 0 0 0 1 3 0 0 2 1 1 0 0 0 1 3 0 0 1 3 1 0 0 0 1 0 0 2 0 1 1 0 0 1 0 0 2 3 1 0 1 0 0 2 1 3 0 0 1 0 1 0 1 0 0 2 3 0 3 0 1 1 0 0 0 1 0 2 0 3 1 0 1 1 0 0 0 1 1 0 0 0 0 2 2 3 0 1 1 2 0 1 0 0 3 0 0 0 0 1 0 0 1 2 1 3 0 1 0 3 1 1 1 3 0 0 0 0 1 1 0 0 0 1 2 0 0 2 0 1 1 1 2 0 0 3 0 0 3 0 0 0 0 1 0 2 1 1 3 0 0 0 0 1 0 2 1 1 0 2 1 0 0 1 0 1 0 3 0 2 1 1 3 0 0 0 0 1 0 1 1 0 0 1 0 0 2 3 0 1 1 0 0 1                                                                                                                                                                                                                                                                                                                                                                                                                                                                                                                                                                                                                                                                                                                                                                                                                                                                                                                                                                                                                                            Ende A4
     0 = keine Reaktion
     1 = auffahren
     2 = abfahren
0x01F0  0-1  2020941 2020216  2 0 0 0 1 2 2 2 2 1 2 1 2 0 1 2 0 30 30 2 125 0 30 1 2 2 30 1 30 1 125 0 30 0 0 0 2 2 1 1 2 0 1 30 30 125 30 30 30 125 30 30 30 125 30 0 30 30 0 125 1 30 1 1 2 1 0 2 2 2 30 2 30 1 30 0 125 2 1 0 0 30 30 30 1 125 1 1 30 2 30 1 125 0 30 2 2 30 2 30 2 125 1 30 0 2 1 0 0 0 0 0 75 0 0 1 0 1 75 2 75 1 75 0 75 2 75 2 75 2 75 2 0 1 0 125 2 30 1 30 0 30 0 1 30 125 0 30 30 1 2 0 1 0 2 2 2 2 1 2 1 1 1 0 0 0 0 0 0 2 1 2 1 1 1 0 0 0 0 75 0 75 1 75 2 0 0 0 1 75 2 75 2 75 2 75 0 2 2 0 2 2 1 2 1 1 1 0 0 0 0 0 0 1 2 0 1 2 1 0 2 0 1 0 2 1 0 0 0 0 1 1 1 75 2 2 2 0 1 0 0 0 2 1 1 0 1 1 2 2 2 2 0 2 1 1 0 2 1 0 2 2 1 2 0 2 0 1 0 2 0 1 1 1 1 1 1 0 2 0 2 0 2 0 2 0 1 2 0 2 1 0 2 1 2 2 1 1 1 2 0 0 0 1 0 2 0 2 2 2 2 2 1 1 1 2 2 1 0 1 1 1 0 0 2 0 0 0 1 0 2 2 1 2 1 1 0 2 0 1 0 1 0 1 2 0 2 0 1 0 1 0 2 0 0 1 1 2 0 1 2 2 2 2 0 1 2 2 1 1 1 0 0 2 0 1 0 0 0 2 2 1 2 0 1 0 1 0 2 0 0 1 1 1 1 2 2 2 2 0 1 0 0 1 0 2 1 1 0 1 1 2 2 2 2 0 2 1 0 2 1 30 0 30 2 30 1 125 0 0 30 0 30 0 30 1 125 1 1 2 2 2 2 30 30 30 125 30 30 30 125 0 30 30 0 125 30 30 30 125 30 0 0 75 75 75 75 0 30 30 125 30 30 30 30 125 0 0 0 0 0 0 0 75 75 75 75 75 75 75 0 75 0 0 0 30 30 125 0 30 30 30 125 30 0 75 75 0 0 30 30 30 125 30 30 75 30 75 125 0 0 0 0 2 3 1 1 0 0 1 0 2 0 0 3 1 1 0 0 1 0 2 0 0 3 0 1 0 2 3 0 1 1 0 0 0 1 0 2 3 0 1 1 0 0 3 0 1 1 0 0 0 1 0 2 1 0 0 0 1 0 2 3 0 1 1 1 0 0 1 0 0 2 0 3 1 1 0 0 1 0 0 2 0 3 1 1 0 0 1 0 0 2 0 3 1 1 0 0 1 0 0 2 0 3 0 1 1 0 0 1 0 0 2 3 3 0 1 1 0 0 1 0 0 2 0 1 1 0 0 1 0 0 2 3 3 0 1 1 0 0 1 0 0 2 1 1 0 0 1 0 0 2 3 0 0 1 0 1 2 3 1 0 0 0 1 0 0 0 0 1 0 1 2 3 1 0 0 0 0 1 0 1 2 3 0 0 0 1 1 0 3 2 1 0 0 0 0 1 1 0 3 2 1 0 1 0 3 2 1 0 0 0 0 1 1 0 3 2 1 0 0 0 0 1 1 1 0 0 1 0 0 2 3 0 1 1 0 0 1 0 0 2 3 0 3 0 1 1 0 0 1 0 0 2 3 0 1 1 0 0 1 0 0 2 2 1 1 0 3 0 0 0 1 0 2 1 1 0 3 0 0 0 1 0 2 1 1 0 0 0 1 3 0 0 2 1 1 0 0 0 1 3 0 0 1 3 1 0 0 0 1 0 0 2 0 1 1 0 0 1 0 0 2 3 1 0 1 0 0 2 1 3 0 0 1 0 1 0 1 0 0 2 3 0 3 0 1 1 0 0 0 1 0 2 0 3 1 0 1 1 0 0 0 1 1 0 0 0 0 2 2 3 0 1 1 2 0 1 0 0 3 0 0 0 0 1 0 0 1 2 1 3 0 1 0 3 1 1 1 3 0 0 0 0 1 1 0 0 0 1 2 0 0 2 0 1 1 1 2 0 0 3 0 0 3 0 0 0 0 1 0 2 1 1 3 0 0 0 0 1 0 2 1 1 0 2 1 0 0 1 0 1 0 3 0 2 1 1 3 0 0 0 0 1 0 1 1 0 0 1 0 0 2 3 0 1 1 0 0 1                                                                                                                                                                                                                                                                                                                                                                                                                                                                                                                                                                                                                                                                                                                                                                                                                                                                                                                                                                                                                                            Anfang A1
     0 = keine Reaktion
     1 = auffahren
     2 = abfahren
0x01F0  2-3  2020795 2020216  2 0 0 0 1 2 2 2 2 1 2 1 2 0 1 2 0 30 30 2 125 0 30 1 2 2 30 1 30 1 125 0 30 0 0 0 2 2 1 1 2 0 1 30 30 125 30 30 30 125 30 30 30 125 30 0 30 30 0 125 1 30 1 1 2 1 0 2 2 2 30 2 30 1 30 0 125 2 1 0 0 30 30 30 1 125 1 1 30 2 30 1 125 0 30 2 2 30 2 30 2 125 1 30 0 2 1 0 0 0 0 0 75 0 0 1 0 1 75 2 75 1 75 0 75 2 75 2 75 2 75 2 0 1 0 125 2 30 1 30 0 30 0 1 30 125 0 30 30 1 2 0 1 0 2 2 2 2 1 2 1 1 1 0 0 0 0 0 0 2 1 2 1 1 1 0 0 0 0 75 0 75 1 75 2 0 0 0 1 75 2 75 2 75 2 75 0 2 2 0 2 2 1 2 1 1 1 0 0 0 0 0 0 1 2 0 1 2 1 0 2 0 1 0 2 1 0 0 0 0 1 1 1 75 2 2 2 0 1 0 0 0 2 1 1 0 1 1 2 2 2 2 0 2 1 1 0 2 1 0 2 2 1 2 0 2 0 1 0 2 0 1 1 1 1 1 1 0 2 0 2 0 2 0 2 0 1 2 0 2 1 0 2 1 2 2 1 1 1 2 0 0 0 1 0 2 0 2 2 2 2 2 1 1 1 2 2 1 0 1 1 1 0 0 2 0 0 0 1 0 2 2 1 2 1 1 0 2 0 1 0 1 0 1 2 0 2 0 1 0 1 0 2 0 0 1 1 2 0 1 2 2 2 2 0 1 2 2 1 1 1 0 0 2 0 1 0 0 0 2 2 1 2 0 1 0 1 0 2 0 0 1 1 1 1 2 2 2 2 0 1 0 0 1 0 2 1 1 0 1 1 2 2 2 2 0 2 1 0 2 1 30 0 30 2 30 1 125 0 0 30 0 30 0 30 1 125 1 1 2 2 2 2 30 30 30 125 30 30 30 125 0 30 30 0 125 30 30 30 125 30 0 0 75 75 75 75 0 30 30 125 30 30 30 30 125 0 0 0 0 0 0 0 75 75 75 75 75 75 75 0 75 0 0 0 30 30 125 0 30 30 30 125 30 0 75 75 0 0 30 30 30 125 30 30 75 30 75 125 0 0 0 0 2 3 1 1 0 0 1 0 2 0 0 3 1 1 0 0 1 0 2 0 0 3 0 1 0 2 3 0 1 1 0 0 0 1 0 2 3 0 1 1 0 0 3 0 1 1 0 0 0 1 0 2 1 0 0 0 1 0 2 3 0 1 1 1 0 0 1 0 0 2 0 3 1 1 0 0 1 0 0 2 0 3 1 1 0 0 1 0 0 2 0 3 1 1 0 0 1 0 0 2 0 3 0 1 1 0 0 1 0 0 2 3 3 0 1 1 0 0 1 0 0 2 0 1 1 0 0 1 0 0 2 3 3 0 1 1 0 0 1 0 0 2 1 1 0 0 1 0 0 2 3 0 0 1 0 1 2 3 1 0 0 0 1 0 0 0 0 1 0 1 2 3 1 0 0 0 0 1 0 1 2 3 0 0 0 1 1 0 3 2 1 0 0 0 0 1 1 0 3 2 1 0 1 0 3 2 1 0 0 0 0 1 1 0 3 2 1 0 0 0 0 1 1 1 0 0 1 0 0 2 3 0 1 1 0 0 1 0 0 2 3 0 3 0 1 1 0 0 1 0 0 2 3 0 1 1 0 0 1 0 0 2 2 1 1 0 3 0 0 0 1 0 2 1 1 0 3 0 0 0 1 0 2 1 1 0 0 0 1 3 0 0 2 1 1 0 0 0 1 3 0 0 1 3 1 0 0 0 1 0 0 2 0 1 1 0 0 1 0 0 2 3 1 0 1 0 0 2 1 3 0 0 1 0 1 0 1 0 0 2 3 0 3 0 1 1 0 0 0 1 0 2 0 3 1 0 1 1 0 0 0 1 1 0 0 0 0 2 2 3 0 1 1 2 0 1 0 0 3 0 0 0 0 1 0 0 1 2 1 3 0 1 0 3 1 1 1 3 0 0 0 0 1 1 0 0 0 1 2 0 0 2 0 1 1 1 2 0 0 3 0 0 3 0 0 0 0 1 0 2 1 1 3 0 0 0 0 1 0 2 1 1 0 2 1 0 0 1 0 1 0 3 0 2 1 1 3 0 0 0 0 1 0 1 1 0 0 1 0 0 2 3 0 1 1 0 0 1                                                                                                                                                                                                                                                                                                                                                                                                                                                                                                                                                                                                                                                                                                                                                                                                                                                                                                                                                                                                                                            Anfang A2
     0 = keine Reaktion
     1 = auffahren
     2 = abfahren
0x01F0  4-5  2022475 2020216  2 0 0 0 1 2 2 2 2 1 2 1 2 0 1 2 0 30 30 2 125 0 30 1 2 2 30 1 30 1 125 0 30 0 0 0 2 2 1 1 2 0 1 30 30 125 30 30 30 125 30 30 30 125 30 0 30 30 0 125 1 30 1 1 2 1 0 2 2 2 30 2 30 1 30 0 125 2 1 0 0 30 30 30 1 125 1 1 30 2 30 1 125 0 30 2 2 30 2 30 2 125 1 30 0 2 1 0 0 0 0 0 75 0 0 1 0 1 75 2 75 1 75 0 75 2 75 2 75 2 75 2 0 1 0 125 2 30 1 30 0 30 0 1 30 125 0 30 30 1 2 0 1 0 2 2 2 2 1 2 1 1 1 0 0 0 0 0 0 2 1 2 1 1 1 0 0 0 0 75 0 75 1 75 2 0 0 0 1 75 2 75 2 75 2 75 0 2 2 0 2 2 1 2 1 1 1 0 0 0 0 0 0 1 2 0 1 2 1 0 2 0 1 0 2 1 0 0 0 0 1 1 1 75 2 2 2 0 1 0 0 0 2 1 1 0 1 1 2 2 2 2 0 2 1 1 0 2 1 0 2 2 1 2 0 2 0 1 0 2 0 1 1 1 1 1 1 0 2 0 2 0 2 0 2 0 1 2 0 2 1 0 2 1 2 2 1 1 1 2 0 0 0 1 0 2 0 2 2 2 2 2 1 1 1 2 2 1 0 1 1 1 0 0 2 0 0 0 1 0 2 2 1 2 1 1 0 2 0 1 0 1 0 1 2 0 2 0 1 0 1 0 2 0 0 1 1 2 0 1 2 2 2 2 0 1 2 2 1 1 1 0 0 2 0 1 0 0 0 2 2 1 2 0 1 0 1 0 2 0 0 1 1 1 1 2 2 2 2 0 1 0 0 1 0 2 1 1 0 1 1 2 2 2 2 0 2 1 0 2 1 30 0 30 2 30 1 125 0 0 30 0 30 0 30 1 125 1 1 2 2 2 2 30 30 30 125 30 30 30 125 0 30 30 0 125 30 30 30 125 30 0 0 75 75 75 75 0 30 30 125 30 30 30 30 125 0 0 0 0 0 0 0 75 75 75 75 75 75 75 0 75 0 0 0 30 30 125 0 30 30 30 125 30 0 75 75 0 0 30 30 30 125 30 30 75 30 75 125 0 0 0 0 2 3 1 1 0 0 1 0 2 0 0 3 1 1 0 0 1 0 2 0 0 3 0 1 0 2 3 0 1 1 0 0 0 1 0 2 3 0 1 1 0 0 3 0 1 1 0 0 0 1 0 2 1 0 0 0 1 0 2 3 0 1 1 1 0 0 1 0 0 2 0 3 1 1 0 0 1 0 0 2 0 3 1 1 0 0 1 0 0 2 0 3 1 1 0 0 1 0 0 2 0 3 0 1 1 0 0 1 0 0 2 3 3 0 1 1 0 0 1 0 0 2 0 1 1 0 0 1 0 0 2 3 3 0 1 1 0 0 1 0 0 2 1 1 0 0 1 0 0 2 3 0 0 1 0 1 2 3 1 0 0 0 1 0 0 0 0 1 0 1 2 3 1 0 0 0 0 1 0 1 2 3 0 0 0 1 1 0 3 2 1 0 0 0 0 1 1 0 3 2 1 0 1 0 3 2 1 0 0 0 0 1 1 0 3 2 1 0 0 0 0 1 1 1 0 0 1 0 0 2 3 0 1 1 0 0 1 0 0 2 3 0 3 0 1 1 0 0 1 0 0 2 3 0 1 1 0 0 1 0 0 2 2 1 1 0 3 0 0 0 1 0 2 1 1 0 3 0 0 0 1 0 2 1 1 0 0 0 1 3 0 0 2 1 1 0 0 0 1 3 0 0 1 3 1 0 0 0 1 0 0 2 0 1 1 0 0 1 0 0 2 3 1 0 1 0 0 2 1 3 0 0 1 0 1 0 1 0 0 2 3 0 3 0 1 1 0 0 0 1 0 2 0 3 1 0 1 1 0 0 0 1 1 0 0 0 0 2 2 3 0 1 1 2 0 1 0 0 3 0 0 0 0 1 0 0 1 2 1 3 0 1 0 3 1 1 1 3 0 0 0 0 1 1 0 0 0 1 2 0 0 2 0 1 1 1 2 0 0 3 0 0 3 0 0 0 0 1 0 2 1 1 3 0 0 0 0 1 0 2 1 1 0 2 1 0 0 1 0 1 0 3 0 2 1 1 3 0 0 0 0 1 0 1 1 0 0 1 0 0 2 3 0 1 1 0 0 1                                                                                                                                                                                                                                                                                                                                                                                                                                                                                                                                                                                                                                                                                                                                                                                                                                                                                                                                                                                                                                            Anfang A3
     0 = keine Reaktion
     1 = auffahren
     2 = abfahren
0x01F0  6-7  2022887 2020216  2 0 0 0 1 2 2 2 2 1 2 1 2 0 1 2 0 30 30 2 125 0 30 1 2 2 30 1 30 1 125 0 30 0 0 0 2 2 1 1 2 0 1 30 30 125 30 30 30 125 30 30 30 125 30 0 30 30 0 125 1 30 1 1 2 1 0 2 2 2 30 2 30 1 30 0 125 2 1 0 0 30 30 30 1 125 1 1 30 2 30 1 125 0 30 2 2 30 2 30 2 125 1 30 0 2 1 0 0 0 0 0 75 0 0 1 0 1 75 2 75 1 75 0 75 2 75 2 75 2 75 2 0 1 0 125 2 30 1 30 0 30 0 1 30 125 0 30 30 1 2 0 1 0 2 2 2 2 1 2 1 1 1 0 0 0 0 0 0 2 1 2 1 1 1 0 0 0 0 75 0 75 1 75 2 0 0 0 1 75 2 75 2 75 2 75 0 2 2 0 2 2 1 2 1 1 1 0 0 0 0 0 0 1 2 0 1 2 1 0 2 0 1 0 2 1 0 0 0 0 1 1 1 75 2 2 2 0 1 0 0 0 2 1 1 0 1 1 2 2 2 2 0 2 1 1 0 2 1 0 2 2 1 2 0 2 0 1 0 2 0 1 1 1 1 1 1 0 2 0 2 0 2 0 2 0 1 2 0 2 1 0 2 1 2 2 1 1 1 2 0 0 0 1 0 2 0 2 2 2 2 2 1 1 1 2 2 1 0 1 1 1 0 0 2 0 0 0 1 0 2 2 1 2 1 1 0 2 0 1 0 1 0 1 2 0 2 0 1 0 1 0 2 0 0 1 1 2 0 1 2 2 2 2 0 1 2 2 1 1 1 0 0 2 0 1 0 0 0 2 2 1 2 0 1 0 1 0 2 0 0 1 1 1 1 2 2 2 2 0 1 0 0 1 0 2 1 1 0 1 1 2 2 2 2 0 2 1 0 2 1 30 0 30 2 30 1 125 0 0 30 0 30 0 30 1 125 1 1 2 2 2 2 30 30 30 125 30 30 30 125 0 30 30 0 125 30 30 30 125 30 0 0 75 75 75 75 0 30 30 125 30 30 30 30 125 0 0 0 0 0 0 0 75 75 75 75 75 75 75 0 75 0 0 0 30 30 125 0 30 30 30 125 30 0 75 75 0 0 30 30 30 125 30 30 75 30 75 125 0 0 0 0 2 3 1 1 0 0 1 0 2 0 0 3 1 1 0 0 1 0 2 0 0 3 0 1 0 2 3 0 1 1 0 0 0 1 0 2 3 0 1 1 0 0 3 0 1 1 0 0 0 1 0 2 1 0 0 0 1 0 2 3 0 1 1 1 0 0 1 0 0 2 0 3 1 1 0 0 1 0 0 2 0 3 1 1 0 0 1 0 0 2 0 3 1 1 0 0 1 0 0 2 0 3 0 1 1 0 0 1 0 0 2 3 3 0 1 1 0 0 1 0 0 2 0 1 1 0 0 1 0 0 2 3 3 0 1 1 0 0 1 0 0 2 1 1 0 0 1 0 0 2 3 0 0 1 0 1 2 3 1 0 0 0 1 0 0 0 0 1 0 1 2 3 1 0 0 0 0 1 0 1 2 3 0 0 0 1 1 0 3 2 1 0 0 0 0 1 1 0 3 2 1 0 1 0 3 2 1 0 0 0 0 1 1 0 3 2 1 0 0 0 0 1 1 1 0 0 1 0 0 2 3 0 1 1 0 0 1 0 0 2 3 0 3 0 1 1 0 0 1 0 0 2 3 0 1 1 0 0 1 0 0 2 2 1 1 0 3 0 0 0 1 0 2 1 1 0 3 0 0 0 1 0 2 1 1 0 0 0 1 3 0 0 2 1 1 0 0 0 1 3 0 0 1 3 1 0 0 0 1 0 0 2 0 1 1 0 0 1 0 0 2 3 1 0 1 0 0 2 1 3 0 0 1 0 1 0 1 0 0 2 3 0 3 0 1 1 0 0 0 1 0 2 0 3 1 0 1 1 0 0 0 1 1 0 0 0 0 2 2 3 0 1 1 2 0 1 0 0 3 0 0 0 0 1 0 0 1 2 1 3 0 1 0 3 1 1 1 3 0 0 0 0 1 1 0 0 0 1 2 0 0 2 0 1 1 1 2 0 0 3 0 0 3 0 0 0 0 1 0 2 1 1 3 0 0 0 0 1 0 2 1 1 0 2 1 0 0 1 0 1 0 3 0 2 1 1 3 0 0 0 0 1 0 1 1 0 0 1 0 0 2 3 0 1 1 0 0 1                                                                                                                                                                                                                                                                                                                                                                                                                                                                                                                                                                                                                                                                                                                                                                                                                                                                                                                                                                                                                                            Anfang A4
     0 = keine Reaktion
     1 = auffahren
     2 = abfahren
0x01F3  0-6  2021123 2020216  2 0 0 0 1 2 2 2 2 1 2 1 2 0 1 2 0 30 30 2 125 0 30 1 2 2 30 1 30 1 125 0 30 0 0 0 2 2 1 1 2 0 1 30 30 125 30 30 30 125 30 30 30 125 30 0 30 30 0 125 1 30 1 1 2 1 0 2 2 2 30 2 30 1 30 0 125 2 1 0 0 30 30 30 1 125 1 1 30 2 30 1 125 0 30 2 2 30 2 30 2 125 1 30 0 2 1 0 0 0 0 0 75 0 0 1 0 1 75 2 75 1 75 0 75 2 75 2 75 2 75 2 0 1 0 125 2 30 1 30 0 30 0 1 30 125 0 30 30 1 2 0 1 0 2 2 2 2 1 2 1 1 1 0 0 0 0 0 0 2 1 2 1 1 1 0 0 0 0 75 0 75 1 75 2 0 0 0 1 75 2 75 2 75 2 75 0 2 2 0 2 2 1 2 1 1 1 0 0 0 0 0 0 1 2 0 1 2 1 0 2 0 1 0 2 1 0 0 0 0 1 1 1 75 2 2 2 0 1 0 0 0 2 1 1 0 1 1 2 2 2 2 0 2 1 1 0 2 1 0 2 2 1 2 0 2 0 1 0 2 0 1 1 1 1 1 1 0 2 0 2 0 2 0 2 0 1 2 0 2 1 0 2 1 2 2 1 1 1 2 0 0 0 1 0 2 0 2 2 2 2 2 1 1 1 2 2 1 0 1 1 1 0 0 2 0 0 0 1 0 2 2 1 2 1 1 0 2 0 1 0 1 0 1 2 0 2 0 1 0 1 0 2 0 0 1 1 2 0 1 2 2 2 2 0 1 2 2 1 1 1 0 0 2 0 1 0 0 0 2 2 1 2 0 1 0 1 0 2 0 0 1 1 1 1 2 2 2 2 0 1 0 0 1 0 2 1 1 0 1 1 2 2 2 2 0 2 1 0 2 1 30 0 30 2 30 1 125 0 0 30 0 30 0 30 1 125 1 1 2 2 2 2 30 30 30 125 30 30 30 125 0 30 30 0 125 30 30 30 125 30 0 0 75 75 75 75 0 30 30 125 30 30 30 30 125 0 0 0 0 0 0 0 75 75 75 75 75 75 75 0 75 0 0 0 30 30 125 0 30 30 30 125 30 0 75 75 0 0 30 30 30 125 30 30 75 30 75 125 0 0 0 0 2 3 1 1 0 0 1 0 2 0 0 3 1 1 0 0 1 0 2 0 0 3 0 1 0 2 3 0 1 1 0 0 0 1 0 2 3 0 1 1 0 0 3 0 1 1 0 0 0 1 0 2 1 0 0 0 1 0 2 3 0 1 1 1 0 0 1 0 0 2 0 3 1 1 0 0 1 0 0 2 0 3 1 1 0 0 1 0 0 2 0 3 1 1 0 0 1 0 0 2 0 3 0 1 1 0 0 1 0 0 2 3 3 0 1 1 0 0 1 0 0 2 0 1 1 0 0 1 0 0 2 3 3 0 1 1 0 0 1 0 0 2 1 1 0 0 1 0 0 2 3 0 0 1 0 1 2 3 1 0 0 0 1 0 0 0 0 1 0 1 2 3 1 0 0 0 0 1 0 1 2 3 0 0 0 1 1 0 3 2 1 0 0 0 0 1 1 0 3 2 1 0 1 0 3 2 1 0 0 0 0 1 1 0 3 2 1 0 0 0 0 1 1 1 0 0 1 0 0 2 3 0 1 1 0 0 1 0 0 2 3 0 3 0 1 1 0 0 1 0 0 2 3 0 1 1 0 0 1 0 0 2 2 1 1 0 3 0 0 0 1 0 2 1 1 0 3 0 0 0 1 0 2 1 1 0 0 0 1 3 0 0 2 1 1 0 0 0 1 3 0 0 1 3 1 0 0 0 1 0 0 2 0 1 1 0 0 1 0 0 2 3 1 0 1 0 0 2 1 3 0 0 1 0 1 0 1 0 0 2 3 0 3 0 1 1 0 0 0 1 0 2 0 3 1 0 1 1 0 0 0 1 1 0 0 0 0 2 2 3 0 1 1 2 0 1 0 0 3 0 0 0 0 1 0 0 1 2 1 3 0 1 0 3 1 1 1 3 0 0 0 0 1 1 0 0 0 1 2 0 0 2 0 1 1 1 2 0 0 3 0 0 3 0 0 0 0 1 0 2 1 1 3 0 0 0 0 1 0 2 1 1 0 2 1 0 0 1 0 1 0 3 0 2 1 1 3 0 0 0 0 1 0 1 1 0 0 1 0 0 2 3 0 1 1 0 0 1                                                                                                                                                                                                                                                                                                                                                                                                                                                                                                                                                                                                                                                                                                                                                                                                                                                                                                                                                                                                                                            Ausgang 1/3: \r\n     Position Rolllade (0...100 %)
0x01F4  0-6  2021017 2020216  2 0 0 0 1 2 2 2 2 1 2 1 2 0 1 2 0 30 30 2 125 0 30 1 2 2 30 1 30 1 125 0 30 0 0 0 2 2 1 1 2 0 1 30 30 125 30 30 30 125 30 30 30 125 30 0 30 30 0 125 1 30 1 1 2 1 0 2 2 2 30 2 30 1 30 0 125 2 1 0 0 30 30 30 1 125 1 1 30 2 30 1 125 0 30 2 2 30 2 30 2 125 1 30 0 2 1 0 0 0 0 0 75 0 0 1 0 1 75 2 75 1 75 0 75 2 75 2 75 2 75 2 0 1 0 125 2 30 1 30 0 30 0 1 30 125 0 30 30 1 2 0 1 0 2 2 2 2 1 2 1 1 1 0 0 0 0 0 0 2 1 2 1 1 1 0 0 0 0 75 0 75 1 75 2 0 0 0 1 75 2 75 2 75 2 75 0 2 2 0 2 2 1 2 1 1 1 0 0 0 0 0 0 1 2 0 1 2 1 0 2 0 1 0 2 1 0 0 0 0 1 1 1 75 2 2 2 0 1 0 0 0 2 1 1 0 1 1 2 2 2 2 0 2 1 1 0 2 1 0 2 2 1 2 0 2 0 1 0 2 0 1 1 1 1 1 1 0 2 0 2 0 2 0 2 0 1 2 0 2 1 0 2 1 2 2 1 1 1 2 0 0 0 1 0 2 0 2 2 2 2 2 1 1 1 2 2 1 0 1 1 1 0 0 2 0 0 0 1 0 2 2 1 2 1 1 0 2 0 1 0 1 0 1 2 0 2 0 1 0 1 0 2 0 0 1 1 2 0 1 2 2 2 2 0 1 2 2 1 1 1 0 0 2 0 1 0 0 0 2 2 1 2 0 1 0 1 0 2 0 0 1 1 1 1 2 2 2 2 0 1 0 0 1 0 2 1 1 0 1 1 2 2 2 2 0 2 1 0 2 1 30 0 30 2 30 1 125 0 0 30 0 30 0 30 1 125 1 1 2 2 2 2 30 30 30 125 30 30 30 125 0 30 30 0 125 30 30 30 125 30 0 0 75 75 75 75 0 30 30 125 30 30 30 30 125 0 0 0 0 0 0 0 75 75 75 75 75 75 75 0 75 0 0 0 30 30 125 0 30 30 30 125 30 0 75 75 0 0 30 30 30 125 30 30 75 30 75 125 0 0 0 0 2 3 1 1 0 0 1 0 2 0 0 3 1 1 0 0 1 0 2 0 0 3 0 1 0 2 3 0 1 1 0 0 0 1 0 2 3 0 1 1 0 0 3 0 1 1 0 0 0 1 0 2 1 0 0 0 1 0 2 3 0 1 1 1 0 0 1 0 0 2 0 3 1 1 0 0 1 0 0 2 0 3 1 1 0 0 1 0 0 2 0 3 1 1 0 0 1 0 0 2 0 3 0 1 1 0 0 1 0 0 2 3 3 0 1 1 0 0 1 0 0 2 0 1 1 0 0 1 0 0 2 3 3 0 1 1 0 0 1 0 0 2 1 1 0 0 1 0 0 2 3 0 0 1 0 1 2 3 1 0 0 0 1 0 0 0 0 1 0 1 2 3 1 0 0 0 0 1 0 1 2 3 0 0 0 1 1 0 3 2 1 0 0 0 0 1 1 0 3 2 1 0 1 0 3 2 1 0 0 0 0 1 1 0 3 2 1 0 0 0 0 1 1 1 0 0 1 0 0 2 3 0 1 1 0 0 1 0 0 2 3 0 3 0 1 1 0 0 1 0 0 2 3 0 1 1 0 0 1 0 0 2 2 1 1 0 3 0 0 0 1 0 2 1 1 0 3 0 0 0 1 0 2 1 1 0 0 0 1 3 0 0 2 1 1 0 0 0 1 3 0 0 1 3 1 0 0 0 1 0 0 2 0 1 1 0 0 1 0 0 2 3 1 0 1 0 0 2 1 3 0 0 1 0 1 0 1 0 0 2 3 0 3 0 1 1 0 0 0 1 0 2 0 3 1 0 1 1 0 0 0 1 1 0 0 0 0 2 2 3 0 1 1 2 0 1 0 0 3 0 0 0 0 1 0 0 1 2 1 3 0 1 0 3 1 1 1 3 0 0 0 0 1 1 0 0 0 1 2 0 0 2 0 1 1 1 2 0 0 3 0 0 3 0 0 0 0 1 0 2 1 1 3 0 0 0 0 1 0 2 1 1 0 2 1 0 0 1 0 1 0 3 0 2 1 1 3 0 0 0 0 1 0 1 1 0 0 1 0 0 2 3 0 1 1 0 0 1                                                                                                                                                                                                                                                                                                                                                                                                                                                                                                                                                                                                                                                                                                                                                                                                                                                                                                                                                                                                                                            Ausgang 2/4: \r\n     Position Rolllade (0...100 %)
0x01F5  0-6  2023189 2020216  2 0 0 0 1 2 2 2 2 1 2 1 2 0 1 2 0 30 30 2 125 0 30 1 2 2 30 1 30 1 125 0 30 0 0 0 2 2 1 1 2 0 1 30 30 125 30 30 30 125 30 30 30 125 30 0 30 30 0 125 1 30 1 1 2 1 0 2 2 2 30 2 30 1 30 0 125 2 1 0 0 30 30 30 1 125 1 1 30 2 30 1 125 0 30 2 2 30 2 30 2 125 1 30 0 2 1 0 0 0 0 0 75 0 0 1 0 1 75 2 75 1 75 0 75 2 75 2 75 2 75 2 0 1 0 125 2 30 1 30 0 30 0 1 30 125 0 30 30 1 2 0 1 0 2 2 2 2 1 2 1 1 1 0 0 0 0 0 0 2 1 2 1 1 1 0 0 0 0 75 0 75 1 75 2 0 0 0 1 75 2 75 2 75 2 75 0 2 2 0 2 2 1 2 1 1 1 0 0 0 0 0 0 1 2 0 1 2 1 0 2 0 1 0 2 1 0 0 0 0 1 1 1 75 2 2 2 0 1 0 0 0 2 1 1 0 1 1 2 2 2 2 0 2 1 1 0 2 1 0 2 2 1 2 0 2 0 1 0 2 0 1 1 1 1 1 1 0 2 0 2 0 2 0 2 0 1 2 0 2 1 0 2 1 2 2 1 1 1 2 0 0 0 1 0 2 0 2 2 2 2 2 1 1 1 2 2 1 0 1 1 1 0 0 2 0 0 0 1 0 2 2 1 2 1 1 0 2 0 1 0 1 0 1 2 0 2 0 1 0 1 0 2 0 0 1 1 2 0 1 2 2 2 2 0 1 2 2 1 1 1 0 0 2 0 1 0 0 0 2 2 1 2 0 1 0 1 0 2 0 0 1 1 1 1 2 2 2 2 0 1 0 0 1 0 2 1 1 0 1 1 2 2 2 2 0 2 1 0 2 1 30 0 30 2 30 1 125 0 0 30 0 30 0 30 1 125 1 1 2 2 2 2 30 30 30 125 30 30 30 125 0 30 30 0 125 30 30 30 125 30 0 0 75 75 75 75 0 30 30 125 30 30 30 30 125 0 0 0 0 0 0 0 75 75 75 75 75 75 75 0 75 0 0 0 30 30 125 0 30 30 30 125 30 0 75 75 0 0 30 30 30 125 30 30 75 30 75 125 0 0 0 0 2 3 1 1 0 0 1 0 2 0 0 3 1 1 0 0 1 0 2 0 0 3 0 1 0 2 3 0 1 1 0 0 0 1 0 2 3 0 1 1 0 0 3 0 1 1 0 0 0 1 0 2 1 0 0 0 1 0 2 3 0 1 1 1 0 0 1 0 0 2 0 3 1 1 0 0 1 0 0 2 0 3 1 1 0 0 1 0 0 2 0 3 1 1 0 0 1 0 0 2 0 3 0 1 1 0 0 1 0 0 2 3 3 0 1 1 0 0 1 0 0 2 0 1 1 0 0 1 0 0 2 3 3 0 1 1 0 0 1 0 0 2 1 1 0 0 1 0 0 2 3 0 0 1 0 1 2 3 1 0 0 0 1 0 0 0 0 1 0 1 2 3 1 0 0 0 0 1 0 1 2 3 0 0 0 1 1 0 3 2 1 0 0 0 0 1 1 0 3 2 1 0 1 0 3 2 1 0 0 0 0 1 1 0 3 2 1 0 0 0 0 1 1 1 0 0 1 0 0 2 3 0 1 1 0 0 1 0 0 2 3 0 3 0 1 1 0 0 1 0 0 2 3 0 1 1 0 0 1 0 0 2 2 1 1 0 3 0 0 0 1 0 2 1 1 0 3 0 0 0 1 0 2 1 1 0 0 0 1 3 0 0 2 1 1 0 0 0 1 3 0 0 1 3 1 0 0 0 1 0 0 2 0 1 1 0 0 1 0 0 2 3 1 0 1 0 0 2 1 3 0 0 1 0 1 0 1 0 0 2 3 0 3 0 1 1 0 0 0 1 0 2 0 3 1 0 1 1 0 0 0 1 1 0 0 0 0 2 2 3 0 1 1 2 0 1 0 0 3 0 0 0 0 1 0 0 1 2 1 3 0 1 0 3 1 1 1 3 0 0 0 0 1 1 0 0 0 1 2 0 0 2 0 1 1 1 2 0 0 3 0 0 3 0 0 0 0 1 0 2 1 1 3 0 0 0 0 1 0 2 1 1 0 2 1 0 0 1 0 1 0 3 0 2 1 1 3 0 0 0 0 1 0 1 1 0 0 1 0 0 2 3 0 1 1 0 0 1                                                                                                                                                                                                                                                                                                                                                                                                                                                                                                                                                                                                                                                                                                                                                                                                                                                                                                                                                                                                                                            Ausgang 3: \r\n     Position Rolllade (0...100 %)
0x01F6  0-6  2023289 2020216  2 0 0 0 1 2 2 2 2 1 2 1 2 0 1 2 0 30 30 2 125 0 30 1 2 2 30 1 30 1 125 0 30 0 0 0 2 2 1 1 2 0 1 30 30 125 30 30 30 125 30 30 30 125 30 0 30 30 0 125 1 30 1 1 2 1 0 2 2 2 30 2 30 1 30 0 125 2 1 0 0 30 30 30 1 125 1 1 30 2 30 1 125 0 30 2 2 30 2 30 2 125 1 30 0 2 1 0 0 0 0 0 75 0 0 1 0 1 75 2 75 1 75 0 75 2 75 2 75 2 75 2 0 1 0 125 2 30 1 30 0 30 0 1 30 125 0 30 30 1 2 0 1 0 2 2 2 2 1 2 1 1 1 0 0 0 0 0 0 2 1 2 1 1 1 0 0 0 0 75 0 75 1 75 2 0 0 0 1 75 2 75 2 75 2 75 0 2 2 0 2 2 1 2 1 1 1 0 0 0 0 0 0 1 2 0 1 2 1 0 2 0 1 0 2 1 0 0 0 0 1 1 1 75 2 2 2 0 1 0 0 0 2 1 1 0 1 1 2 2 2 2 0 2 1 1 0 2 1 0 2 2 1 2 0 2 0 1 0 2 0 1 1 1 1 1 1 0 2 0 2 0 2 0 2 0 1 2 0 2 1 0 2 1 2 2 1 1 1 2 0 0 0 1 0 2 0 2 2 2 2 2 1 1 1 2 2 1 0 1 1 1 0 0 2 0 0 0 1 0 2 2 1 2 1 1 0 2 0 1 0 1 0 1 2 0 2 0 1 0 1 0 2 0 0 1 1 2 0 1 2 2 2 2 0 1 2 2 1 1 1 0 0 2 0 1 0 0 0 2 2 1 2 0 1 0 1 0 2 0 0 1 1 1 1 2 2 2 2 0 1 0 0 1 0 2 1 1 0 1 1 2 2 2 2 0 2 1 0 2 1 30 0 30 2 30 1 125 0 0 30 0 30 0 30 1 125 1 1 2 2 2 2 30 30 30 125 30 30 30 125 0 30 30 0 125 30 30 30 125 30 0 0 75 75 75 75 0 30 30 125 30 30 30 30 125 0 0 0 0 0 0 0 75 75 75 75 75 75 75 0 75 0 0 0 30 30 125 0 30 30 30 125 30 0 75 75 0 0 30 30 30 125 30 30 75 30 75 125 0 0 0 0 2 3 1 1 0 0 1 0 2 0 0 3 1 1 0 0 1 0 2 0 0 3 0 1 0 2 3 0 1 1 0 0 0 1 0 2 3 0 1 1 0 0 3 0 1 1 0 0 0 1 0 2 1 0 0 0 1 0 2 3 0 1 1 1 0 0 1 0 0 2 0 3 1 1 0 0 1 0 0 2 0 3 1 1 0 0 1 0 0 2 0 3 1 1 0 0 1 0 0 2 0 3 0 1 1 0 0 1 0 0 2 3 3 0 1 1 0 0 1 0 0 2 0 1 1 0 0 1 0 0 2 3 3 0 1 1 0 0 1 0 0 2 1 1 0 0 1 0 0 2 3 0 0 1 0 1 2 3 1 0 0 0 1 0 0 0 0 1 0 1 2 3 1 0 0 0 0 1 0 1 2 3 0 0 0 1 1 0 3 2 1 0 0 0 0 1 1 0 3 2 1 0 1 0 3 2 1 0 0 0 0 1 1 0 3 2 1 0 0 0 0 1 1 1 0 0 1 0 0 2 3 0 1 1 0 0 1 0 0 2 3 0 3 0 1 1 0 0 1 0 0 2 3 0 1 1 0 0 1 0 0 2 2 1 1 0 3 0 0 0 1 0 2 1 1 0 3 0 0 0 1 0 2 1 1 0 0 0 1 3 0 0 2 1 1 0 0 0 1 3 0 0 1 3 1 0 0 0 1 0 0 2 0 1 1 0 0 1 0 0 2 3 1 0 1 0 0 2 1 3 0 0 1 0 1 0 1 0 0 2 3 0 3 0 1 1 0 0 0 1 0 2 0 3 1 0 1 1 0 0 0 1 1 0 0 0 0 2 2 3 0 1 1 2 0 1 0 0 3 0 0 0 0 1 0 0 1 2 1 3 0 1 0 3 1 1 1 3 0 0 0 0 1 1 0 0 0 1 2 0 0 2 0 1 1 1 2 0 0 3 0 0 3 0 0 0 0 1 0 2 1 1 3 0 0 0 0 1 0 2 1 1 0 2 1 0 0 1 0 1 0 3 0 2 1 1 3 0 0 0 0 1 0 1 1 0 0 1 0 0 2 3 0 1 1 0 0 1                                                                                                                                                                                                                                                                                                                                                                                                                                                                                                                                                                                                                                                                                                                                                                                                                                                                                                                                                                                                                                            Ausgang 4: \r\n     Position Rolllade (0...100 %)
0x01F7  0-6  2020539 2020216  2 0 0 0 1 2 2 2 2 1 2 1 2 0 1 2 0 30 30 2 125 0 30 1 2 2 30 1 30 1 125 0 30 0 0 0 2 2 1 1 2 0 1 30 30 125 30 30 30 125 30 30 30 125 30 0 30 30 0 125 1 30 1 1 2 1 0 2 2 2 30 2 30 1 30 0 125 2 1 0 0 30 30 30 1 125 1 1 30 2 30 1 125 0 30 2 2 30 2 30 2 125 1 30 0 2 1 0 0 0 0 0 75 0 0 1 0 1 75 2 75 1 75 0 75 2 75 2 75 2 75 2 0 1 0 125 2 30 1 30 0 30 0 1 30 125 0 30 30 1 2 0 1 0 2 2 2 2 1 2 1 1 1 0 0 0 0 0 0 2 1 2 1 1 1 0 0 0 0 75 0 75 1 75 2 0 0 0 1 75 2 75 2 75 2 75 0 2 2 0 2 2 1 2 1 1 1 0 0 0 0 0 0 1 2 0 1 2 1 0 2 0 1 0 2 1 0 0 0 0 1 1 1 75 2 2 2 0 1 0 0 0 2 1 1 0 1 1 2 2 2 2 0 2 1 1 0 2 1 0 2 2 1 2 0 2 0 1 0 2 0 1 1 1 1 1 1 0 2 0 2 0 2 0 2 0 1 2 0 2 1 0 2 1 2 2 1 1 1 2 0 0 0 1 0 2 0 2 2 2 2 2 1 1 1 2 2 1 0 1 1 1 0 0 2 0 0 0 1 0 2 2 1 2 1 1 0 2 0 1 0 1 0 1 2 0 2 0 1 0 1 0 2 0 0 1 1 2 0 1 2 2 2 2 0 1 2 2 1 1 1 0 0 2 0 1 0 0 0 2 2 1 2 0 1 0 1 0 2 0 0 1 1 1 1 2 2 2 2 0 1 0 0 1 0 2 1 1 0 1 1 2 2 2 2 0 2 1 0 2 1 30 0 30 2 30 1 125 0 0 30 0 30 0 30 1 125 1 1 2 2 2 2 30 30 30 125 30 30 30 125 0 30 30 0 125 30 30 30 125 30 0 0 75 75 75 75 0 30 30 125 30 30 30 30 125 0 0 0 0 0 0 0 75 75 75 75 75 75 75 0 75 0 0 0 30 30 125 0 30 30 30 125 30 0 75 75 0 0 30 30 30 125 30 30 75 30 75 125 0 0 0 0 2 3 1 1 0 0 1 0 2 0 0 3 1 1 0 0 1 0 2 0 0 3 0 1 0 2 3 0 1 1 0 0 0 1 0 2 3 0 1 1 0 0 3 0 1 1 0 0 0 1 0 2 1 0 0 0 1 0 2 3 0 1 1 1 0 0 1 0 0 2 0 3 1 1 0 0 1 0 0 2 0 3 1 1 0 0 1 0 0 2 0 3 1 1 0 0 1 0 0 2 0 3 0 1 1 0 0 1 0 0 2 3 3 0 1 1 0 0 1 0 0 2 0 1 1 0 0 1 0 0 2 3 3 0 1 1 0 0 1 0 0 2 1 1 0 0 1 0 0 2 3 0 0 1 0 1 2 3 1 0 0 0 1 0 0 0 0 1 0 1 2 3 1 0 0 0 0 1 0 1 2 3 0 0 0 1 1 0 3 2 1 0 0 0 0 1 1 0 3 2 1 0 1 0 3 2 1 0 0 0 0 1 1 0 3 2 1 0 0 0 0 1 1 1 0 0 1 0 0 2 3 0 1 1 0 0 1 0 0 2 3 0 3 0 1 1 0 0 1 0 0 2 3 0 1 1 0 0 1 0 0 2 2 1 1 0 3 0 0 0 1 0 2 1 1 0 3 0 0 0 1 0 2 1 1 0 0 0 1 3 0 0 2 1 1 0 0 0 1 3 0 0 1 3 1 0 0 0 1 0 0 2 0 1 1 0 0 1 0 0 2 3 1 0 1 0 0 2 1 3 0 0 1 0 1 0 1 0 0 2 3 0 3 0 1 1 0 0 0 1 0 2 0 3 1 0 1 1 0 0 0 1 1 0 0 0 0 2 2 3 0 1 1 2 0 1 0 0 3 0 0 0 0 1 0 0 1 2 1 3 0 1 0 3 1 1 1 3 0 0 0 0 1 1 0 0 0 1 2 0 0 2 0 1 1 1 2 0 0 3 0 0 3 0 0 0 0 1 0 2 1 1 3 0 0 0 0 1 0 2 1 1 0 2 1 0 0 1 0 1 0 3 0 2 1 1 3 0 0 0 0 1 0 1 1 0 0 1 0 0 2 3 0 1 1 0 0 1                                                                                                                                                                                                                                                                                                                                                                                                                                                                                                                                                                                                                                                                                                                                                                                                                                                                                                                                                                                                                                                 Position Lamelle (0...100 %)
0x01F7  7-7       Verhalten der Rolllade am Ende\r\n     der Sonnenschutzautomatik 2021123 2020216  2 0 0 0 1 2 2 2 2 1 2 1 2 0 1 2 0 30 30 2 125 0 30 1 2 2 30 1 30 1 125 0 30 0 0 0 2 2 1 1 2 0 1 30 30 125 30 30 30 125 30 30 30 125 30 0 30 30 0 125 1 30 1 1 2 1 0 2 2 2 30 2 30 1 30 0 125 2 1 0 0 30 30 30 1 125 1 1 30 2 30 1 125 0 30 2 2 30 2 30 2 125 1 30 0 2 1 0 0 0 0 0 75 0 0 1 0 1 75 2 75 1 75 0 75 2 75 2 75 2 75 2 0 1 0 125 2 30 1 30 0 30 0 1 30 125 0 30 30 1 2 0 1 0 2 2 2 2 1 2 1 1 1 0 0 0 0 0 0 2 1 2 1 1 1 0 0 0 0 75 0 75 1 75 2 0 0 0 1 75 2 75 2 75 2 75 0 2 2 0 2 2 1 2 1 1 1 0 0 0 0 0 0 1 2 0 1 2 1 0 2 0 1 0 2 1 0 0 0 0 1 1 1 75 2 2 2 0 1 0 0 0 2 1 1 0 1 1 2 2 2 2 0 2 1 1 0 2 1 0 2 2 1 2 0 2 0 1 0 2 0 1 1 1 1 1 1 0 2 0 2 0 2 0 2 0 1 2 0 2 1 0 2 1 2 2 1 1 1 2 0 0 0 1 0 2 0 2 2 2 2 2 1 1 1 2 2 1 0 1 1 1 0 0 2 0 0 0 1 0 2 2 1 2 1 1 0 2 0 1 0 1 0 1 2 0 2 0 1 0 1 0 2 0 0 1 1 2 0 1 2 2 2 2 0 1 2 2 1 1 1 0 0 2 0 1 0 0 0 2 2 1 2 0 1 0 1 0 2 0 0 1 1 1 1 2 2 2 2 0 1 0 0 1 0 2 1 1 0 1 1 2 2 2 2 0 2 1 0 2 1 30 0 30 2 30 1 125 0 0 30 0 30 0 30 1 125 1 1 2 2 2 2 30 30 30 125 30 30 30 125 0 30 30 0 125 30 30 30 125 30 0 0 75 75 75 75 0 30 30 125 30 30 30 30 125 0 0 0 0 0 0 0 75 75 75 75 75 75 75 0 75 0 0 0 30 30 125 0 30 30 30 125 30 0 75 75 0 0 30 30 30 125 30 30 75 30 75 125 0 0 0 0 2 3 1 1 0 0 1 0 2 0 0 3 1 1 0 0 1 0 2 0 0 3 0 1 0 2 3 0 1 1 0 0 0 1 0 2 3 0 1 1 0 0 3 0 1 1 0 0 0 1 0 2 1 0 0 0 1 0 2 3 0 1 1 1 0 0 1 0 0 2 0 3 1 1 0 0 1 0 0 2 0 3 1 1 0 0 1 0 0 2 0 3 1 1 0 0 1 0 0 2 0 3 0 1 1 0 0 1 0 0 2 3 3 0 1 1 0 0 1 0 0 2 0 1 1 0 0 1 0 0 2 3 3 0 1 1 0 0 1 0 0 2 1 1 0 0 1 0 0 2 3 0 0 1 0 1 2 3 1 0 0 0 1 0 0 0 0 1 0 1 2 3 1 0 0 0 0 1 0 1 2 3 0 0 0 1 1 0 3 2 1 0 0 0 0 1 1 0 3 2 1 0 1 0 3 2 1 0 0 0 0 1 1 0 3 2 1 0 0 0 0 1 1 1 0 0 1 0 0 2 3 0 1 1 0 0 1 0 0 2 3 0 3 0 1 1 0 0 1 0 0 2 3 0 1 1 0 0 1 0 0 2 2 1 1 0 3 0 0 0 1 0 2 1 1 0 3 0 0 0 1 0 2 1 1 0 0 0 1 3 0 0 2 1 1 0 0 0 1 3 0 0 1 3 1 0 0 0 1 0 0 2 0 1 1 0 0 1 0 0 2 3 1 0 1 0 0 2 1 3 0 0 1 0 1 0 1 0 0 2 3 0 3 0 1 1 0 0 0 1 0 2 0 3 1 0 1 1 0 0 0 1 1 0 0 0 0 2 2 3 0 1 1 2 0 1 0 0 3 0 0 0 0 1 0 0 1 2 1 3 0 1 0 3 1 1 1 3 0 0 0 0 1 1 0 0 0 1 2 0 0 2 0 1 1 1 2 0 0 3 0 0 3 0 0 0 0 1 0 2 1 1 3 0 0 0 0 1 0 2 1 1 0 2 1 0 0 1 0 1 0 3 0 2 1 1 3 0 0 0 0 1 0 1 1 0 0 1 0 0 2 3 0 1 1 0 0 1                                                                                                                                                                                                                                                                                                                                                                                                                                                                                                                                                                                                                                                                                                                                                                                                                                                                                                                                                                                                                                                 Position der Rolllade\r\n     am Ende der Fkt. nachfhren ?
     0 = NEIN
     1 = JA
0x01F8  0-6  2020427 2020216  2 0 0 0 1 2 2 2 2 1 2 1 2 0 1 2 0 30 30 2 125 0 30 1 2 2 30 1 30 1 125 0 30 0 0 0 2 2 1 1 2 0 1 30 30 125 30 30 30 125 30 30 30 125 30 0 30 30 0 125 1 30 1 1 2 1 0 2 2 2 30 2 30 1 30 0 125 2 1 0 0 30 30 30 1 125 1 1 30 2 30 1 125 0 30 2 2 30 2 30 2 125 1 30 0 2 1 0 0 0 0 0 75 0 0 1 0 1 75 2 75 1 75 0 75 2 75 2 75 2 75 2 0 1 0 125 2 30 1 30 0 30 0 1 30 125 0 30 30 1 2 0 1 0 2 2 2 2 1 2 1 1 1 0 0 0 0 0 0 2 1 2 1 1 1 0 0 0 0 75 0 75 1 75 2 0 0 0 1 75 2 75 2 75 2 75 0 2 2 0 2 2 1 2 1 1 1 0 0 0 0 0 0 1 2 0 1 2 1 0 2 0 1 0 2 1 0 0 0 0 1 1 1 75 2 2 2 0 1 0 0 0 2 1 1 0 1 1 2 2 2 2 0 2 1 1 0 2 1 0 2 2 1 2 0 2 0 1 0 2 0 1 1 1 1 1 1 0 2 0 2 0 2 0 2 0 1 2 0 2 1 0 2 1 2 2 1 1 1 2 0 0 0 1 0 2 0 2 2 2 2 2 1 1 1 2 2 1 0 1 1 1 0 0 2 0 0 0 1 0 2 2 1 2 1 1 0 2 0 1 0 1 0 1 2 0 2 0 1 0 1 0 2 0 0 1 1 2 0 1 2 2 2 2 0 1 2 2 1 1 1 0 0 2 0 1 0 0 0 2 2 1 2 0 1 0 1 0 2 0 0 1 1 1 1 2 2 2 2 0 1 0 0 1 0 2 1 1 0 1 1 2 2 2 2 0 2 1 0 2 1 30 0 30 2 30 1 125 0 0 30 0 30 0 30 1 125 1 1 2 2 2 2 30 30 30 125 30 30 30 125 0 30 30 0 125 30 30 30 125 30 0 0 75 75 75 75 0 30 30 125 30 30 30 30 125 0 0 0 0 0 0 0 75 75 75 75 75 75 75 0 75 0 0 0 30 30 125 0 30 30 30 125 30 0 75 75 0 0 30 30 30 125 30 30 75 30 75 125 0 0 0 0 2 3 1 1 0 0 1 0 2 0 0 3 1 1 0 0 1 0 2 0 0 3 0 1 0 2 3 0 1 1 0 0 0 1 0 2 3 0 1 1 0 0 3 0 1 1 0 0 0 1 0 2 1 0 0 0 1 0 2 3 0 1 1 1 0 0 1 0 0 2 0 3 1 1 0 0 1 0 0 2 0 3 1 1 0 0 1 0 0 2 0 3 1 1 0 0 1 0 0 2 0 3 0 1 1 0 0 1 0 0 2 3 3 0 1 1 0 0 1 0 0 2 0 1 1 0 0 1 0 0 2 3 3 0 1 1 0 0 1 0 0 2 1 1 0 0 1 0 0 2 3 0 0 1 0 1 2 3 1 0 0 0 1 0 0 0 0 1 0 1 2 3 1 0 0 0 0 1 0 1 2 3 0 0 0 1 1 0 3 2 1 0 0 0 0 1 1 0 3 2 1 0 1 0 3 2 1 0 0 0 0 1 1 0 3 2 1 0 0 0 0 1 1 1 0 0 1 0 0 2 3 0 1 1 0 0 1 0 0 2 3 0 3 0 1 1 0 0 1 0 0 2 3 0 1 1 0 0 1 0 0 2 2 1 1 0 3 0 0 0 1 0 2 1 1 0 3 0 0 0 1 0 2 1 1 0 0 0 1 3 0 0 2 1 1 0 0 0 1 3 0 0 1 3 1 0 0 0 1 0 0 2 0 1 1 0 0 1 0 0 2 3 1 0 1 0 0 2 1 3 0 0 1 0 1 0 1 0 0 2 3 0 3 0 1 1 0 0 0 1 0 2 0 3 1 0 1 1 0 0 0 1 1 0 0 0 0 2 2 3 0 1 1 2 0 1 0 0 3 0 0 0 0 1 0 0 1 2 1 3 0 1 0 3 1 1 1 3 0 0 0 0 1 1 0 0 0 1 2 0 0 2 0 1 1 1 2 0 0 3 0 0 3 0 0 0 0 1 0 2 1 1 3 0 0 0 0 1 0 2 1 1 0 2 1 0 0 1 0 1 0 3 0 2 1 1 3 0 0 0 0 1 0 1 1 0 0 1 0 0 2 3 0 1 1 0 0 1                                                                                                                                                                                                                                                                                                                                                                                                                                                                                                                                                                                                                                                                                                                                                                                                                                                                                                                                                                                                                                                 Position Lamelle (0...100 %)
0x01F8  7-7       Verhalten der Rolllade am Ende\r\n     der Sonnenschutzautomatik 2023389 2020216  2 0 0 0 1 2 2 2 2 1 2 1 2 0 1 2 0 30 30 2 125 0 30 1 2 2 30 1 30 1 125 0 30 0 0 0 2 2 1 1 2 0 1 30 30 125 30 30 30 125 30 30 30 125 30 0 30 30 0 125 1 30 1 1 2 1 0 2 2 2 30 2 30 1 30 0 125 2 1 0 0 30 30 30 1 125 1 1 30 2 30 1 125 0 30 2 2 30 2 30 2 125 1 30 0 2 1 0 0 0 0 0 75 0 0 1 0 1 75 2 75 1 75 0 75 2 75 2 75 2 75 2 0 1 0 125 2 30 1 30 0 30 0 1 30 125 0 30 30 1 2 0 1 0 2 2 2 2 1 2 1 1 1 0 0 0 0 0 0 2 1 2 1 1 1 0 0 0 0 75 0 75 1 75 2 0 0 0 1 75 2 75 2 75 2 75 0 2 2 0 2 2 1 2 1 1 1 0 0 0 0 0 0 1 2 0 1 2 1 0 2 0 1 0 2 1 0 0 0 0 1 1 1 75 2 2 2 0 1 0 0 0 2 1 1 0 1 1 2 2 2 2 0 2 1 1 0 2 1 0 2 2 1 2 0 2 0 1 0 2 0 1 1 1 1 1 1 0 2 0 2 0 2 0 2 0 1 2 0 2 1 0 2 1 2 2 1 1 1 2 0 0 0 1 0 2 0 2 2 2 2 2 1 1 1 2 2 1 0 1 1 1 0 0 2 0 0 0 1 0 2 2 1 2 1 1 0 2 0 1 0 1 0 1 2 0 2 0 1 0 1 0 2 0 0 1 1 2 0 1 2 2 2 2 0 1 2 2 1 1 1 0 0 2 0 1 0 0 0 2 2 1 2 0 1 0 1 0 2 0 0 1 1 1 1 2 2 2 2 0 1 0 0 1 0 2 1 1 0 1 1 2 2 2 2 0 2 1 0 2 1 30 0 30 2 30 1 125 0 0 30 0 30 0 30 1 125 1 1 2 2 2 2 30 30 30 125 30 30 30 125 0 30 30 0 125 30 30 30 125 30 0 0 75 75 75 75 0 30 30 125 30 30 30 30 125 0 0 0 0 0 0 0 75 75 75 75 75 75 75 0 75 0 0 0 30 30 125 0 30 30 30 125 30 0 75 75 0 0 30 30 30 125 30 30 75 30 75 125 0 0 0 0 2 3 1 1 0 0 1 0 2 0 0 3 1 1 0 0 1 0 2 0 0 3 0 1 0 2 3 0 1 1 0 0 0 1 0 2 3 0 1 1 0 0 3 0 1 1 0 0 0 1 0 2 1 0 0 0 1 0 2 3 0 1 1 1 0 0 1 0 0 2 0 3 1 1 0 0 1 0 0 2 0 3 1 1 0 0 1 0 0 2 0 3 1 1 0 0 1 0 0 2 0 3 0 1 1 0 0 1 0 0 2 3 3 0 1 1 0 0 1 0 0 2 0 1 1 0 0 1 0 0 2 3 3 0 1 1 0 0 1 0 0 2 1 1 0 0 1 0 0 2 3 0 0 1 0 1 2 3 1 0 0 0 1 0 0 0 0 1 0 1 2 3 1 0 0 0 0 1 0 1 2 3 0 0 0 1 1 0 3 2 1 0 0 0 0 1 1 0 3 2 1 0 1 0 3 2 1 0 0 0 0 1 1 0 3 2 1 0 0 0 0 1 1 1 0 0 1 0 0 2 3 0 1 1 0 0 1 0 0 2 3 0 3 0 1 1 0 0 1 0 0 2 3 0 1 1 0 0 1 0 0 2 2 1 1 0 3 0 0 0 1 0 2 1 1 0 3 0 0 0 1 0 2 1 1 0 0 0 1 3 0 0 2 1 1 0 0 0 1 3 0 0 1 3 1 0 0 0 1 0 0 2 0 1 1 0 0 1 0 0 2 3 1 0 1 0 0 2 1 3 0 0 1 0 1 0 1 0 0 2 3 0 3 0 1 1 0 0 0 1 0 2 0 3 1 0 1 1 0 0 0 1 1 0 0 0 0 2 2 3 0 1 1 2 0 1 0 0 3 0 0 0 0 1 0 0 1 2 1 3 0 1 0 3 1 1 1 3 0 0 0 0 1 1 0 0 0 1 2 0 0 2 0 1 1 1 2 0 0 3 0 0 3 0 0 0 0 1 0 2 1 1 3 0 0 0 0 1 0 2 1 1 0 2 1 0 0 1 0 1 0 3 0 2 1 1 3 0 0 0 0 1 0 1 1 0 0 1 0 0 2 3 0 1 1 0 0 1                                                                                                                                                                                                                                                                                                                                                                                                                                                                                                                                                                                                                                                                                                                                                                                                                                                                                                                                                                                                                                                 Position der Rolllade\r\n     am Ende der Fkt. nachfhren ?
     0 = NEIN
     1 = JA
0x01F9  7-7       Verhalten der Rolllade am Ende der\r\n     Sonnenschutzautomatik 2023189 2020216  2 0 0 0 1 2 2 2 2 1 2 1 2 0 1 2 0 30 30 2 125 0 30 1 2 2 30 1 30 1 125 0 30 0 0 0 2 2 1 1 2 0 1 30 30 125 30 30 30 125 30 30 30 125 30 0 30 30 0 125 1 30 1 1 2 1 0 2 2 2 30 2 30 1 30 0 125 2 1 0 0 30 30 30 1 125 1 1 30 2 30 1 125 0 30 2 2 30 2 30 2 125 1 30 0 2 1 0 0 0 0 0 75 0 0 1 0 1 75 2 75 1 75 0 75 2 75 2 75 2 75 2 0 1 0 125 2 30 1 30 0 30 0 1 30 125 0 30 30 1 2 0 1 0 2 2 2 2 1 2 1 1 1 0 0 0 0 0 0 2 1 2 1 1 1 0 0 0 0 75 0 75 1 75 2 0 0 0 1 75 2 75 2 75 2 75 0 2 2 0 2 2 1 2 1 1 1 0 0 0 0 0 0 1 2 0 1 2 1 0 2 0 1 0 2 1 0 0 0 0 1 1 1 75 2 2 2 0 1 0 0 0 2 1 1 0 1 1 2 2 2 2 0 2 1 1 0 2 1 0 2 2 1 2 0 2 0 1 0 2 0 1 1 1 1 1 1 0 2 0 2 0 2 0 2 0 1 2 0 2 1 0 2 1 2 2 1 1 1 2 0 0 0 1 0 2 0 2 2 2 2 2 1 1 1 2 2 1 0 1 1 1 0 0 2 0 0 0 1 0 2 2 1 2 1 1 0 2 0 1 0 1 0 1 2 0 2 0 1 0 1 0 2 0 0 1 1 2 0 1 2 2 2 2 0 1 2 2 1 1 1 0 0 2 0 1 0 0 0 2 2 1 2 0 1 0 1 0 2 0 0 1 1 1 1 2 2 2 2 0 1 0 0 1 0 2 1 1 0 1 1 2 2 2 2 0 2 1 0 2 1 30 0 30 2 30 1 125 0 0 30 0 30 0 30 1 125 1 1 2 2 2 2 30 30 30 125 30 30 30 125 0 30 30 0 125 30 30 30 125 30 0 0 75 75 75 75 0 30 30 125 30 30 30 30 125 0 0 0 0 0 0 0 75 75 75 75 75 75 75 0 75 0 0 0 30 30 125 0 30 30 30 125 30 0 75 75 0 0 30 30 30 125 30 30 75 30 75 125 0 0 0 0 2 3 1 1 0 0 1 0 2 0 0 3 1 1 0 0 1 0 2 0 0 3 0 1 0 2 3 0 1 1 0 0 0 1 0 2 3 0 1 1 0 0 3 0 1 1 0 0 0 1 0 2 1 0 0 0 1 0 2 3 0 1 1 1 0 0 1 0 0 2 0 3 1 1 0 0 1 0 0 2 0 3 1 1 0 0 1 0 0 2 0 3 1 1 0 0 1 0 0 2 0 3 0 1 1 0 0 1 0 0 2 3 3 0 1 1 0 0 1 0 0 2 0 1 1 0 0 1 0 0 2 3 3 0 1 1 0 0 1 0 0 2 1 1 0 0 1 0 0 2 3 0 0 1 0 1 2 3 1 0 0 0 1 0 0 0 0 1 0 1 2 3 1 0 0 0 0 1 0 1 2 3 0 0 0 1 1 0 3 2 1 0 0 0 0 1 1 0 3 2 1 0 1 0 3 2 1 0 0 0 0 1 1 0 3 2 1 0 0 0 0 1 1 1 0 0 1 0 0 2 3 0 1 1 0 0 1 0 0 2 3 0 3 0 1 1 0 0 1 0 0 2 3 0 1 1 0 0 1 0 0 2 2 1 1 0 3 0 0 0 1 0 2 1 1 0 3 0 0 0 1 0 2 1 1 0 0 0 1 3 0 0 2 1 1 0 0 0 1 3 0 0 1 3 1 0 0 0 1 0 0 2 0 1 1 0 0 1 0 0 2 3 1 0 1 0 0 2 1 3 0 0 1 0 1 0 1 0 0 2 3 0 3 0 1 1 0 0 0 1 0 2 0 3 1 0 1 1 0 0 0 1 1 0 0 0 0 2 2 3 0 1 1 2 0 1 0 0 3 0 0 0 0 1 0 0 1 2 1 3 0 1 0 3 1 1 1 3 0 0 0 0 1 1 0 0 0 1 2 0 0 2 0 1 1 1 2 0 0 3 0 0 3 0 0 0 0 1 0 2 1 1 3 0 0 0 0 1 0 2 1 1 0 2 1 0 0 1 0 1 0 3 0 2 1 1 3 0 0 0 0 1 0 1 1 0 0 1 0 0 2 3 0 1 1 0 0 1                                                                                                                                                                                                                                                                                                                                                                                                                                                                                                                                                                                                                                                                                                                                                                                                                                                                                                                                                                                                                                                 Position der Rolllade\r\n     am Ende der Fkt. nachfhren ?
     0 = NEIN
     1 = JA
0x01FA  7-7       Verhalten der Rolllade am Ende der\r\n     Sonnenschutzautomatik 2023289 2020216  2 0 0 0 1 2 2 2 2 1 2 1 2 0 1 2 0 30 30 2 125 0 30 1 2 2 30 1 30 1 125 0 30 0 0 0 2 2 1 1 2 0 1 30 30 125 30 30 30 125 30 30 30 125 30 0 30 30 0 125 1 30 1 1 2 1 0 2 2 2 30 2 30 1 30 0 125 2 1 0 0 30 30 30 1 125 1 1 30 2 30 1 125 0 30 2 2 30 2 30 2 125 1 30 0 2 1 0 0 0 0 0 75 0 0 1 0 1 75 2 75 1 75 0 75 2 75 2 75 2 75 2 0 1 0 125 2 30 1 30 0 30 0 1 30 125 0 30 30 1 2 0 1 0 2 2 2 2 1 2 1 1 1 0 0 0 0 0 0 2 1 2 1 1 1 0 0 0 0 75 0 75 1 75 2 0 0 0 1 75 2 75 2 75 2 75 0 2 2 0 2 2 1 2 1 1 1 0 0 0 0 0 0 1 2 0 1 2 1 0 2 0 1 0 2 1 0 0 0 0 1 1 1 75 2 2 2 0 1 0 0 0 2 1 1 0 1 1 2 2 2 2 0 2 1 1 0 2 1 0 2 2 1 2 0 2 0 1 0 2 0 1 1 1 1 1 1 0 2 0 2 0 2 0 2 0 1 2 0 2 1 0 2 1 2 2 1 1 1 2 0 0 0 1 0 2 0 2 2 2 2 2 1 1 1 2 2 1 0 1 1 1 0 0 2 0 0 0 1 0 2 2 1 2 1 1 0 2 0 1 0 1 0 1 2 0 2 0 1 0 1 0 2 0 0 1 1 2 0 1 2 2 2 2 0 1 2 2 1 1 1 0 0 2 0 1 0 0 0 2 2 1 2 0 1 0 1 0 2 0 0 1 1 1 1 2 2 2 2 0 1 0 0 1 0 2 1 1 0 1 1 2 2 2 2 0 2 1 0 2 1 30 0 30 2 30 1 125 0 0 30 0 30 0 30 1 125 1 1 2 2 2 2 30 30 30 125 30 30 30 125 0 30 30 0 125 30 30 30 125 30 0 0 75 75 75 75 0 30 30 125 30 30 30 30 125 0 0 0 0 0 0 0 75 75 75 75 75 75 75 0 75 0 0 0 30 30 125 0 30 30 30 125 30 0 75 75 0 0 30 30 30 125 30 30 75 30 75 125 0 0 0 0 2 3 1 1 0 0 1 0 2 0 0 3 1 1 0 0 1 0 2 0 0 3 0 1 0 2 3 0 1 1 0 0 0 1 0 2 3 0 1 1 0 0 3 0 1 1 0 0 0 1 0 2 1 0 0 0 1 0 2 3 0 1 1 1 0 0 1 0 0 2 0 3 1 1 0 0 1 0 0 2 0 3 1 1 0 0 1 0 0 2 0 3 1 1 0 0 1 0 0 2 0 3 0 1 1 0 0 1 0 0 2 3 3 0 1 1 0 0 1 0 0 2 0 1 1 0 0 1 0 0 2 3 3 0 1 1 0 0 1 0 0 2 1 1 0 0 1 0 0 2 3 0 0 1 0 1 2 3 1 0 0 0 1 0 0 0 0 1 0 1 2 3 1 0 0 0 0 1 0 1 2 3 0 0 0 1 1 0 3 2 1 0 0 0 0 1 1 0 3 2 1 0 1 0 3 2 1 0 0 0 0 1 1 0 3 2 1 0 0 0 0 1 1 1 0 0 1 0 0 2 3 0 1 1 0 0 1 0 0 2 3 0 3 0 1 1 0 0 1 0 0 2 3 0 1 1 0 0 1 0 0 2 2 1 1 0 3 0 0 0 1 0 2 1 1 0 3 0 0 0 1 0 2 1 1 0 0 0 1 3 0 0 2 1 1 0 0 0 1 3 0 0 1 3 1 0 0 0 1 0 0 2 0 1 1 0 0 1 0 0 2 3 1 0 1 0 0 2 1 3 0 0 1 0 1 0 1 0 0 2 3 0 3 0 1 1 0 0 0 1 0 2 0 3 1 0 1 1 0 0 0 1 1 0 0 0 0 2 2 3 0 1 1 2 0 1 0 0 3 0 0 0 0 1 0 0 1 2 1 3 0 1 0 3 1 1 1 3 0 0 0 0 1 1 0 0 0 1 2 0 0 2 0 1 1 1 2 0 0 3 0 0 3 0 0 0 0 1 0 2 1 1 3 0 0 0 0 1 0 2 1 1 0 2 1 0 0 1 0 1 0 3 0 2 1 1 3 0 0 0 0 1 0 1 1 0 0 1 0 0 2 3 0 1 1 0 0 1                                                                                                                                                                                                                                                                                                                                                                                                                                                                                                                                                                                                                                                                                                                                                                                                                                                                                                                                                                                                                                                 Position der Rolllade\r\n     am Ende der Fkt. nachfhren ?
     0 = NEIN
     1 = JA
0x01FB  6-7       Verhalten der Rolllade am Ende\r\n     der Sonnenschutzautomatik 2021123 2020216  2 0 0 0 1 2 2 2 2 1 2 1 2 0 1 2 0 30 30 2 125 0 30 1 2 2 30 1 30 1 125 0 30 0 0 0 2 2 1 1 2 0 1 30 30 125 30 30 30 125 30 30 30 125 30 0 30 30 0 125 1 30 1 1 2 1 0 2 2 2 30 2 30 1 30 0 125 2 1 0 0 30 30 30 1 125 1 1 30 2 30 1 125 0 30 2 2 30 2 30 2 125 1 30 0 2 1 0 0 0 0 0 75 0 0 1 0 1 75 2 75 1 75 0 75 2 75 2 75 2 75 2 0 1 0 125 2 30 1 30 0 30 0 1 30 125 0 30 30 1 2 0 1 0 2 2 2 2 1 2 1 1 1 0 0 0 0 0 0 2 1 2 1 1 1 0 0 0 0 75 0 75 1 75 2 0 0 0 1 75 2 75 2 75 2 75 0 2 2 0 2 2 1 2 1 1 1 0 0 0 0 0 0 1 2 0 1 2 1 0 2 0 1 0 2 1 0 0 0 0 1 1 1 75 2 2 2 0 1 0 0 0 2 1 1 0 1 1 2 2 2 2 0 2 1 1 0 2 1 0 2 2 1 2 0 2 0 1 0 2 0 1 1 1 1 1 1 0 2 0 2 0 2 0 2 0 1 2 0 2 1 0 2 1 2 2 1 1 1 2 0 0 0 1 0 2 0 2 2 2 2 2 1 1 1 2 2 1 0 1 1 1 0 0 2 0 0 0 1 0 2 2 1 2 1 1 0 2 0 1 0 1 0 1 2 0 2 0 1 0 1 0 2 0 0 1 1 2 0 1 2 2 2 2 0 1 2 2 1 1 1 0 0 2 0 1 0 0 0 2 2 1 2 0 1 0 1 0 2 0 0 1 1 1 1 2 2 2 2 0 1 0 0 1 0 2 1 1 0 1 1 2 2 2 2 0 2 1 0 2 1 30 0 30 2 30 1 125 0 0 30 0 30 0 30 1 125 1 1 2 2 2 2 30 30 30 125 30 30 30 125 0 30 30 0 125 30 30 30 125 30 0 0 75 75 75 75 0 30 30 125 30 30 30 30 125 0 0 0 0 0 0 0 75 75 75 75 75 75 75 0 75 0 0 0 30 30 125 0 30 30 30 125 30 0 75 75 0 0 30 30 30 125 30 30 75 30 75 125 0 0 0 0 2 3 1 1 0 0 1 0 2 0 0 3 1 1 0 0 1 0 2 0 0 3 0 1 0 2 3 0 1 1 0 0 0 1 0 2 3 0 1 1 0 0 3 0 1 1 0 0 0 1 0 2 1 0 0 0 1 0 2 3 0 1 1 1 0 0 1 0 0 2 0 3 1 1 0 0 1 0 0 2 0 3 1 1 0 0 1 0 0 2 0 3 1 1 0 0 1 0 0 2 0 3 0 1 1 0 0 1 0 0 2 3 3 0 1 1 0 0 1 0 0 2 0 1 1 0 0 1 0 0 2 3 3 0 1 1 0 0 1 0 0 2 1 1 0 0 1 0 0 2 3 0 0 1 0 1 2 3 1 0 0 0 1 0 0 0 0 1 0 1 2 3 1 0 0 0 0 1 0 1 2 3 0 0 0 1 1 0 3 2 1 0 0 0 0 1 1 0 3 2 1 0 1 0 3 2 1 0 0 0 0 1 1 0 3 2 1 0 0 0 0 1 1 1 0 0 1 0 0 2 3 0 1 1 0 0 1 0 0 2 3 0 3 0 1 1 0 0 1 0 0 2 3 0 1 1 0 0 1 0 0 2 2 1 1 0 3 0 0 0 1 0 2 1 1 0 3 0 0 0 1 0 2 1 1 0 0 0 1 3 0 0 2 1 1 0 0 0 1 3 0 0 1 3 1 0 0 0 1 0 0 2 0 1 1 0 0 1 0 0 2 3 1 0 1 0 0 2 1 3 0 0 1 0 1 0 1 0 0 2 3 0 3 0 1 1 0 0 0 1 0 2 0 3 1 0 1 1 0 0 0 1 1 0 0 0 0 2 2 3 0 1 1 2 0 1 0 0 3 0 0 0 0 1 0 0 1 2 1 3 0 1 0 3 1 1 1 3 0 0 0 0 1 1 0 0 0 1 2 0 0 2 0 1 1 1 2 0 0 3 0 0 3 0 0 0 0 1 0 2 1 1 3 0 0 0 0 1 0 2 1 1 0 2 1 0 0 1 0 1 0 3 0 2 1 1 3 0 0 0 0 1 0 1 1 0 0 1 0 0 2 3 0 1 1 0 0 1                                                                                                                                                                                                                                                                                                                                                                                                                                                                                                                                                                                                                                                                                                                                                                                                                                                                                                                                                                                                                                                 Verhalten der Rolllade am Ende\r\n     der Sonnenschutzautomatik
     0 = keine nderung
     1 = auffahren
     2 = abfahren
     3 = Stop
0x01FC  6-7       Verhalten der Rolllade am Ende\r\n     der Sonnenschutzautomatik 2023389 2020216  2 0 0 0 1 2 2 2 2 1 2 1 2 0 1 2 0 30 30 2 125 0 30 1 2 2 30 1 30 1 125 0 30 0 0 0 2 2 1 1 2 0 1 30 30 125 30 30 30 125 30 30 30 125 30 0 30 30 0 125 1 30 1 1 2 1 0 2 2 2 30 2 30 1 30 0 125 2 1 0 0 30 30 30 1 125 1 1 30 2 30 1 125 0 30 2 2 30 2 30 2 125 1 30 0 2 1 0 0 0 0 0 75 0 0 1 0 1 75 2 75 1 75 0 75 2 75 2 75 2 75 2 0 1 0 125 2 30 1 30 0 30 0 1 30 125 0 30 30 1 2 0 1 0 2 2 2 2 1 2 1 1 1 0 0 0 0 0 0 2 1 2 1 1 1 0 0 0 0 75 0 75 1 75 2 0 0 0 1 75 2 75 2 75 2 75 0 2 2 0 2 2 1 2 1 1 1 0 0 0 0 0 0 1 2 0 1 2 1 0 2 0 1 0 2 1 0 0 0 0 1 1 1 75 2 2 2 0 1 0 0 0 2 1 1 0 1 1 2 2 2 2 0 2 1 1 0 2 1 0 2 2 1 2 0 2 0 1 0 2 0 1 1 1 1 1 1 0 2 0 2 0 2 0 2 0 1 2 0 2 1 0 2 1 2 2 1 1 1 2 0 0 0 1 0 2 0 2 2 2 2 2 1 1 1 2 2 1 0 1 1 1 0 0 2 0 0 0 1 0 2 2 1 2 1 1 0 2 0 1 0 1 0 1 2 0 2 0 1 0 1 0 2 0 0 1 1 2 0 1 2 2 2 2 0 1 2 2 1 1 1 0 0 2 0 1 0 0 0 2 2 1 2 0 1 0 1 0 2 0 0 1 1 1 1 2 2 2 2 0 1 0 0 1 0 2 1 1 0 1 1 2 2 2 2 0 2 1 0 2 1 30 0 30 2 30 1 125 0 0 30 0 30 0 30 1 125 1 1 2 2 2 2 30 30 30 125 30 30 30 125 0 30 30 0 125 30 30 30 125 30 0 0 75 75 75 75 0 30 30 125 30 30 30 30 125 0 0 0 0 0 0 0 75 75 75 75 75 75 75 0 75 0 0 0 30 30 125 0 30 30 30 125 30 0 75 75 0 0 30 30 30 125 30 30 75 30 75 125 0 0 0 0 2 3 1 1 0 0 1 0 2 0 0 3 1 1 0 0 1 0 2 0 0 3 0 1 0 2 3 0 1 1 0 0 0 1 0 2 3 0 1 1 0 0 3 0 1 1 0 0 0 1 0 2 1 0 0 0 1 0 2 3 0 1 1 1 0 0 1 0 0 2 0 3 1 1 0 0 1 0 0 2 0 3 1 1 0 0 1 0 0 2 0 3 1 1 0 0 1 0 0 2 0 3 0 1 1 0 0 1 0 0 2 3 3 0 1 1 0 0 1 0 0 2 0 1 1 0 0 1 0 0 2 3 3 0 1 1 0 0 1 0 0 2 1 1 0 0 1 0 0 2 3 0 0 1 0 1 2 3 1 0 0 0 1 0 0 0 0 1 0 1 2 3 1 0 0 0 0 1 0 1 2 3 0 0 0 1 1 0 3 2 1 0 0 0 0 1 1 0 3 2 1 0 1 0 3 2 1 0 0 0 0 1 1 0 3 2 1 0 0 0 0 1 1 1 0 0 1 0 0 2 3 0 1 1 0 0 1 0 0 2 3 0 3 0 1 1 0 0 1 0 0 2 3 0 1 1 0 0 1 0 0 2 2 1 1 0 3 0 0 0 1 0 2 1 1 0 3 0 0 0 1 0 2 1 1 0 0 0 1 3 0 0 2 1 1 0 0 0 1 3 0 0 1 3 1 0 0 0 1 0 0 2 0 1 1 0 0 1 0 0 2 3 1 0 1 0 0 2 1 3 0 0 1 0 1 0 1 0 0 2 3 0 3 0 1 1 0 0 0 1 0 2 0 3 1 0 1 1 0 0 0 1 1 0 0 0 0 2 2 3 0 1 1 2 0 1 0 0 3 0 0 0 0 1 0 0 1 2 1 3 0 1 0 3 1 1 1 3 0 0 0 0 1 1 0 0 0 1 2 0 0 2 0 1 1 1 2 0 0 3 0 0 3 0 0 0 0 1 0 2 1 1 3 0 0 0 0 1 0 2 1 1 0 2 1 0 0 1 0 1 0 3 0 2 1 1 3 0 0 0 0 1 0 1 1 0 0 1 0 0 2 3 0 1 1 0 0 1                                                                                                                                                                                                                                                                                                                                                                                                                                                                                                                                                                                                                                                                                                                                                                                                                                                                                                                                                                                                                                                 Verhalten der Rolllade am Ende\r\n     der Sonnenschutzautomatik
     0 = keine nderung
     1 = auffahren
     2 = abfahren
     3 = Stop
0x01FD  6-7       Verhalten der Rolllade am Ende der\r\n     Sonnenschutzautomatik 2023189 2020216  2 0 0 0 1 2 2 2 2 1 2 1 2 0 1 2 0 30 30 2 125 0 30 1 2 2 30 1 30 1 125 0 30 0 0 0 2 2 1 1 2 0 1 30 30 125 30 30 30 125 30 30 30 125 30 0 30 30 0 125 1 30 1 1 2 1 0 2 2 2 30 2 30 1 30 0 125 2 1 0 0 30 30 30 1 125 1 1 30 2 30 1 125 0 30 2 2 30 2 30 2 125 1 30 0 2 1 0 0 0 0 0 75 0 0 1 0 1 75 2 75 1 75 0 75 2 75 2 75 2 75 2 0 1 0 125 2 30 1 30 0 30 0 1 30 125 0 30 30 1 2 0 1 0 2 2 2 2 1 2 1 1 1 0 0 0 0 0 0 2 1 2 1 1 1 0 0 0 0 75 0 75 1 75 2 0 0 0 1 75 2 75 2 75 2 75 0 2 2 0 2 2 1 2 1 1 1 0 0 0 0 0 0 1 2 0 1 2 1 0 2 0 1 0 2 1 0 0 0 0 1 1 1 75 2 2 2 0 1 0 0 0 2 1 1 0 1 1 2 2 2 2 0 2 1 1 0 2 1 0 2 2 1 2 0 2 0 1 0 2 0 1 1 1 1 1 1 0 2 0 2 0 2 0 2 0 1 2 0 2 1 0 2 1 2 2 1 1 1 2 0 0 0 1 0 2 0 2 2 2 2 2 1 1 1 2 2 1 0 1 1 1 0 0 2 0 0 0 1 0 2 2 1 2 1 1 0 2 0 1 0 1 0 1 2 0 2 0 1 0 1 0 2 0 0 1 1 2 0 1 2 2 2 2 0 1 2 2 1 1 1 0 0 2 0 1 0 0 0 2 2 1 2 0 1 0 1 0 2 0 0 1 1 1 1 2 2 2 2 0 1 0 0 1 0 2 1 1 0 1 1 2 2 2 2 0 2 1 0 2 1 30 0 30 2 30 1 125 0 0 30 0 30 0 30 1 125 1 1 2 2 2 2 30 30 30 125 30 30 30 125 0 30 30 0 125 30 30 30 125 30 0 0 75 75 75 75 0 30 30 125 30 30 30 30 125 0 0 0 0 0 0 0 75 75 75 75 75 75 75 0 75 0 0 0 30 30 125 0 30 30 30 125 30 0 75 75 0 0 30 30 30 125 30 30 75 30 75 125 0 0 0 0 2 3 1 1 0 0 1 0 2 0 0 3 1 1 0 0 1 0 2 0 0 3 0 1 0 2 3 0 1 1 0 0 0 1 0 2 3 0 1 1 0 0 3 0 1 1 0 0 0 1 0 2 1 0 0 0 1 0 2 3 0 1 1 1 0 0 1 0 0 2 0 3 1 1 0 0 1 0 0 2 0 3 1 1 0 0 1 0 0 2 0 3 1 1 0 0 1 0 0 2 0 3 0 1 1 0 0 1 0 0 2 3 3 0 1 1 0 0 1 0 0 2 0 1 1 0 0 1 0 0 2 3 3 0 1 1 0 0 1 0 0 2 1 1 0 0 1 0 0 2 3 0 0 1 0 1 2 3 1 0 0 0 1 0 0 0 0 1 0 1 2 3 1 0 0 0 0 1 0 1 2 3 0 0 0 1 1 0 3 2 1 0 0 0 0 1 1 0 3 2 1 0 1 0 3 2 1 0 0 0 0 1 1 0 3 2 1 0 0 0 0 1 1 1 0 0 1 0 0 2 3 0 1 1 0 0 1 0 0 2 3 0 3 0 1 1 0 0 1 0 0 2 3 0 1 1 0 0 1 0 0 2 2 1 1 0 3 0 0 0 1 0 2 1 1 0 3 0 0 0 1 0 2 1 1 0 0 0 1 3 0 0 2 1 1 0 0 0 1 3 0 0 1 3 1 0 0 0 1 0 0 2 0 1 1 0 0 1 0 0 2 3 1 0 1 0 0 2 1 3 0 0 1 0 1 0 1 0 0 2 3 0 3 0 1 1 0 0 0 1 0 2 0 3 1 0 1 1 0 0 0 1 1 0 0 0 0 2 2 3 0 1 1 2 0 1 0 0 3 0 0 0 0 1 0 0 1 2 1 3 0 1 0 3 1 1 1 3 0 0 0 0 1 1 0 0 0 1 2 0 0 2 0 1 1 1 2 0 0 3 0 0 3 0 0 0 0 1 0 2 1 1 3 0 0 0 0 1 0 2 1 1 0 2 1 0 0 1 0 1 0 3 0 2 1 1 3 0 0 0 0 1 0 1 1 0 0 1 0 0 2 3 0 1 1 0 0 1                                                                                                                                                                                                                                                                                                                                                                                                                                                                                                                                                                                                                                                                                                                                                                                                                                                                                                                                                                                                                                                 Verhalten der Rolllade am Ende der\r\n     Sonnenschutzautomatik
     0 = keine nderung
     1 = auffahren
     2 = abfahren
     3 = Stop
0x01FE  6-7       Verhalten der Rolllade am Ende der\r\n     Sonnenschutzautomatik 2023289 2020216  2 0 0 0 1 2 2 2 2 1 2 1 2 0 1 2 0 30 30 2 125 0 30 1 2 2 30 1 30 1 125 0 30 0 0 0 2 2 1 1 2 0 1 30 30 125 30 30 30 125 30 30 30 125 30 0 30 30 0 125 1 30 1 1 2 1 0 2 2 2 30 2 30 1 30 0 125 2 1 0 0 30 30 30 1 125 1 1 30 2 30 1 125 0 30 2 2 30 2 30 2 125 1 30 0 2 1 0 0 0 0 0 75 0 0 1 0 1 75 2 75 1 75 0 75 2 75 2 75 2 75 2 0 1 0 125 2 30 1 30 0 30 0 1 30 125 0 30 30 1 2 0 1 0 2 2 2 2 1 2 1 1 1 0 0 0 0 0 0 2 1 2 1 1 1 0 0 0 0 75 0 75 1 75 2 0 0 0 1 75 2 75 2 75 2 75 0 2 2 0 2 2 1 2 1 1 1 0 0 0 0 0 0 1 2 0 1 2 1 0 2 0 1 0 2 1 0 0 0 0 1 1 1 75 2 2 2 0 1 0 0 0 2 1 1 0 1 1 2 2 2 2 0 2 1 1 0 2 1 0 2 2 1 2 0 2 0 1 0 2 0 1 1 1 1 1 1 0 2 0 2 0 2 0 2 0 1 2 0 2 1 0 2 1 2 2 1 1 1 2 0 0 0 1 0 2 0 2 2 2 2 2 1 1 1 2 2 1 0 1 1 1 0 0 2 0 0 0 1 0 2 2 1 2 1 1 0 2 0 1 0 1 0 1 2 0 2 0 1 0 1 0 2 0 0 1 1 2 0 1 2 2 2 2 0 1 2 2 1 1 1 0 0 2 0 1 0 0 0 2 2 1 2 0 1 0 1 0 2 0 0 1 1 1 1 2 2 2 2 0 1 0 0 1 0 2 1 1 0 1 1 2 2 2 2 0 2 1 0 2 1 30 0 30 2 30 1 125 0 0 30 0 30 0 30 1 125 1 1 2 2 2 2 30 30 30 125 30 30 30 125 0 30 30 0 125 30 30 30 125 30 0 0 75 75 75 75 0 30 30 125 30 30 30 30 125 0 0 0 0 0 0 0 75 75 75 75 75 75 75 0 75 0 0 0 30 30 125 0 30 30 30 125 30 0 75 75 0 0 30 30 30 125 30 30 75 30 75 125 0 0 0 0 2 3 1 1 0 0 1 0 2 0 0 3 1 1 0 0 1 0 2 0 0 3 0 1 0 2 3 0 1 1 0 0 0 1 0 2 3 0 1 1 0 0 3 0 1 1 0 0 0 1 0 2 1 0 0 0 1 0 2 3 0 1 1 1 0 0 1 0 0 2 0 3 1 1 0 0 1 0 0 2 0 3 1 1 0 0 1 0 0 2 0 3 1 1 0 0 1 0 0 2 0 3 0 1 1 0 0 1 0 0 2 3 3 0 1 1 0 0 1 0 0 2 0 1 1 0 0 1 0 0 2 3 3 0 1 1 0 0 1 0 0 2 1 1 0 0 1 0 0 2 3 0 0 1 0 1 2 3 1 0 0 0 1 0 0 0 0 1 0 1 2 3 1 0 0 0 0 1 0 1 2 3 0 0 0 1 1 0 3 2 1 0 0 0 0 1 1 0 3 2 1 0 1 0 3 2 1 0 0 0 0 1 1 0 3 2 1 0 0 0 0 1 1 1 0 0 1 0 0 2 3 0 1 1 0 0 1 0 0 2 3 0 3 0 1 1 0 0 1 0 0 2 3 0 1 1 0 0 1 0 0 2 2 1 1 0 3 0 0 0 1 0 2 1 1 0 3 0 0 0 1 0 2 1 1 0 0 0 1 3 0 0 2 1 1 0 0 0 1 3 0 0 1 3 1 0 0 0 1 0 0 2 0 1 1 0 0 1 0 0 2 3 1 0 1 0 0 2 1 3 0 0 1 0 1 0 1 0 0 2 3 0 3 0 1 1 0 0 0 1 0 2 0 3 1 0 1 1 0 0 0 1 1 0 0 0 0 2 2 3 0 1 1 2 0 1 0 0 3 0 0 0 0 1 0 0 1 2 1 3 0 1 0 3 1 1 1 3 0 0 0 0 1 1 0 0 0 1 2 0 0 2 0 1 1 1 2 0 0 3 0 0 3 0 0 0 0 1 0 2 1 1 3 0 0 0 0 1 0 2 1 1 0 2 1 0 0 1 0 1 0 3 0 2 1 1 3 0 0 0 0 1 0 1 1 0 0 1 0 0 2 3 0 1 1 0 0 1                                                                                                                                                                                                                                                                                                                                                                                                                                                                                                                                                                                                                                                                                                                                                                                                                                                                                                                                                                                                                                                 Verhalten der Rolllade am Ende der\r\n     Sonnenschutzautomatik
     0 = keine nderung
     1 = auffahren
     2 = abfahren
     3 = Stop
